[mol0]
0
2
5
8
11
13
14
17
20
23
25
26
29
32
35
37
38
[mol1]
42
44
47
50
53
55
56
59
62
65
67
68
71
74
77
79
80
[mol2]
84
86
89
92
95
97
98
101
104
107
109
110
113
116
119
121
122
[mol3]
126
128
131
134
137
139
140
143
146
149
151
152
155
158
161
163
164
[mol4]
168
170
173
176
179
181
182
185
188
191
193
194
197
200
203
205
206
[mol5]
210
212
215
218
221
223
224
227
230
233
235
236
239
242
245
247
248
[mol6]
252
254
257
260
263
265
266
269
272
275
277
278
281
284
287
289
290
[mol7]
294
296
299
302
305
307
308
311
314
317
319
320
323
326
329
331
332
