[mol0]
[mol0]
[mol0]
[mol0]
[mol0]
[mol0]
[mol0]
[mol0]
[mol0]
[mol0]
[mol0]
[mol0]
[mol0]
[mol0]
[mol0]
[mol0]
[mol0]
[mol0]
[mol0]
[mol0]
[mol0]
[mol0]
[mol0]
[mol0]
[mol0]
[mol0]
2002
2005
2008
2011
2014
2017
2020
2023
2026
2029
2032
2035
2038
2041
2044
2047
2050
2053
2056
2059
2062
2065
2068
2071
2074
2077
2080
2083
2086
2089
2092
2095
2098
2101
2104
2107
2110
2113
2116
2119
[mol0]
2122
2125
2128
2131
2134
2137
2140
2143
2146
2149
2152
2155
2158
2161
2164
2167
2170
2173
2176
2179
2182
2185
2188
2191
2194
2197
2200
2203
2206
2209
2212
2215
2218
2221
2224
2227
2230
2233
2236
2239
[mol0]
2242
2245
2248
2251
2254
2257
2260
2263
2266
2269
2272
2275
2278
2281
2284
2287
2290
2293
2296
2299
2302
2305
2308
2311
2314
2317
2320
2323
2326
2329
2332
2335
2338
2341
2344
2347
2350
2353
2356
2359
[mol0]
2362
2365
2368
2371
2374
2377
2380
2383
2386
2389
2392
2395
2398
2401
2404
2407
2410
2413
2416
2419
2422
2425
2428
2431
2434
2437
2440
2443
2446
2449
2452
2455
2458
2461
2464
2467
2470
2473
2476
2479
[mol0]
2482
2485
2488
2491
2494
2497
2500
2503
2506
2509
2512
2515
2518
2521
2524
2527
2530
2533
2536
2539
2542
2545
2548
2551
2554
2557
2560
2563
2566
2569
2572
2575
2578
2581
2584
2587
2590
2593
2596
2599
[mol0]
2602
2605
2608
2611
2614
2617
2620
2623
2626
2629
2632
2635
2638
2641
2644
2647
2650
2653
2656
2659
2662
2665
2668
2671
2674
2677
2680
2683
2686
2689
2692
2695
2698
2701
2704
2707
2710
2713
2716
2719
[mol0]
2722
2725
2728
2731
2734
2737
2740
2743
2746
2749
2752
2755
2758
2761
2764
2767
2770
2773
2776
2779
2782
2785
2788
2791
2794
2797
2800
2803
2806
2809
2812
2815
2818
2821
2824
2827
2830
2833
2836
2839
[mol0]
2842
2845
2848
2851
2854
2857
2860
2863
2866
2869
2872
2875
2878
2881
2884
2887
2890
2893
2896
2899
2902
2905
2908
2911
2914
2917
2920
2923
2926
2929
2932
2935
2938
2941
2944
2947
2950
2953
2956
2959
[mol0]
2962
2965
2968
2971
2974
2977
2980
2983
2986
2989
2992
2995
2998
3001
3004
3007
3010
3013
3016
3019
3022
3025
3028
3031
3034
3037
3040
3043
3046
3049
3052
3055
3058
3061
3064
3067
3070
3073
3076
3079
[mol0]
3082
3085
3088
3091
3094
3097
3100
3103
3106
3109
3112
3115
3118
3121
3124
3127
3130
3133
3136
3139
3142
3145
3148
3151
3154
3157
3160
3163
3166
3169
3172
3175
3178
3181
3184
3187
3190
3193
3196
3199
[mol0]
3202
3205
3208
3211
3214
3217
3220
3223
3226
3229
3232
3235
3238
3241
3244
3247
3250
3253
3256
3259
3262
3265
3268
3271
3274
3277
3280
3283
3286
3289
3292
3295
3298
3301
3304
3307
3310
3313
3316
3319
[mol0]
3322
3325
3328
3331
3334
3337
3340
3343
3346
3349
3352
3355
3358
3361
3364
3367
3370
3373
3376
3379
3382
3385
3388
3391
3394
3397
3400
3403
3406
3409
3412
3415
3418
3421
3424
3427
3430
3433
3436
3439
[mol0]
3442
3445
3448
3451
3454
3457
3460
3463
3466
3469
3472
3475
3478
3481
3484
3487
3490
3493
3496
3499
3502
3505
3508
3511
3514
3517
3520
3523
3526
3529
3532
3535
3538
3541
3544
3547
3550
3553
3556
3559
[mol0]
3562
3565
3568
3571
3574
3577
3580
3583
3586
3589
3592
3595
3598
3601
3604
3607
3610
3613
3616
3619
3622
3625
3628
3631
3634
3637
3640
3643
3646
3649
3652
3655
3658
3661
3664
3667
3670
3673
3676
3679
[mol0]
3682
3685
3688
3691
3694
3697
3700
3703
3706
3709
3712
3715
3718
3721
3724
3727
3730
3733
3736
3739
3742
3745
3748
3751
3754
3757
3760
3763
3766
3769
3772
3775
3778
3781
3784
3787
3790
3793
3796
3799
[mol0]
3802
3805
3808
3811
3814
3817
3820
3823
3826
3829
3832
3835
3838
3841
3844
3847
3850
3853
3856
3859
3862
3865
3868
3871
3874
3877
3880
3883
3886
3889
3892
3895
3898
3901
3904
3907
3910
3913
3916
3919
[mol0]
3922
3925
3928
3931
3934
3937
3940
3943
3946
3949
3952
3955
3958
3961
3964
3967
3970
3973
3976
3979
3982
3985
3988
3991
3994
3997
4000
4003
4006
4009
4012
4015
4018
4021
4024
4027
4030
4033
4036
4039
[mol0]
4042
4045
4048
4051
4054
4057
4060
4063
4066
4069
4072
4075
4078
4081
4084
4087
4090
4093
4096
4099
4102
4105
4108
4111
4114
4117
4120
4123
4126
4129
4132
4135
4138
4141
4144
4147
4150
4153
4156
4159
[mol0]
4162
4165
4168
4171
4174
4177
4180
4183
4186
4189
4192
4195
4198
4201
4204
4207
4210
4213
4216
4219
4222
4225
4228
4231
4234
4237
4240
4243
4246
4249
4252
4255
4258
4261
4264
4267
4270
4273
4276
4279
[mol0]
4282
4285
4288
4291
4294
4297
4300
4303
4306
4309
4312
4315
4318
4321
4324
4327
4330
4333
4336
4339
4342
4345
4348
4351
4354
4357
4360
4363
4366
4369
4372
4375
4378
4381
4384
4387
4390
4393
4396
4399
[mol0]
4402
4405
4408
4411
4414
4417
4420
4423
4426
4429
4432
4435
4438
4441
4444
4447
4450
4453
4456
4459
4462
4465
4468
4471
4474
4477
4480
4483
4486
4489
4492
4495
4498
4501
4504
4507
4510
4513
4516
4519
[mol0]
4522
4525
4528
4531
4534
4537
4540
4543
4546
4549
4552
4555
4558
4561
4564
4567
4570
4573
4576
4579
4582
4585
4588
4591
4594
4597
4600
4603
4606
4609
4612
4615
4618
4621
4624
4627
4630
4633
4636
4639
[mol0]
4642
4645
4648
4651
4654
4657
4660
4663
4666
4669
4672
4675
4678
4681
4684
4687
4690
4693
4696
4699
4702
4705
4708
4711
4714
4717
4720
4723
4726
4729
4732
4735
4738
4741
4744
4747
4750
4753
4756
4759
[mol0]
4762
4765
4768
4771
4774
4777
4780
4783
4786
4789
4792
4795
4798
4801
4804
4807
4810
4813
4816
4819
4822
4825
4828
4831
4834
4837
4840
4843
4846
4849
4852
4855
4858
4861
4864
4867
4870
4873
4876
4879
[mol0]
4882
4885
4888
4891
4894
4897
4900
4903
4906
4909
4912
4915
4918
4921
4924
4927
4930
4933
4936
4939
4942
4945
4948
4951
4954
4957
4960
4963
4966
4969
4972
4975
4978
4981
4984
4987
4990
4993
4996
4999
[mol0]
[mol0]
[mol0]
[mol0]
[mol0]
[mol0]
[mol0]
[mol0]
[mol0]
[mol0]
[mol0]
[mol0]
[mol0]
[mol0]
[mol0]
[mol0]
[mol0]
[mol0]
[mol0]
[mol0]
[mol0]
[mol0]
[mol0]
[mol0]
[mol0]
[mol0]
7002
7005
7008
7011
7014
7017
7020
7023
7026
7029
7032
7035
7038
7041
7044
7047
7050
7053
7056
7059
7062
7065
7068
7071
7074
7077
7080
7083
7086
7089
7092
7095
7098
7101
7104
7107
7110
7113
7116
7119
[mol0]
7122
7125
7128
7131
7134
7137
7140
7143
7146
7149
7152
7155
7158
7161
7164
7167
7170
7173
7176
7179
7182
7185
7188
7191
7194
7197
7200
7203
7206
7209
7212
7215
7218
7221
7224
7227
7230
7233
7236
7239
[mol0]
7242
7245
7248
7251
7254
7257
7260
7263
7266
7269
7272
7275
7278
7281
7284
7287
7290
7293
7296
7299
7302
7305
7308
7311
7314
7317
7320
7323
7326
7329
7332
7335
7338
7341
7344
7347
7350
7353
7356
7359
[mol0]
7362
7365
7368
7371
7374
7377
7380
7383
7386
7389
7392
7395
7398
7401
7404
7407
7410
7413
7416
7419
7422
7425
7428
7431
7434
7437
7440
7443
7446
7449
7452
7455
7458
7461
7464
7467
7470
7473
7476
7479
[mol0]
7482
7485
7488
7491
7494
7497
7500
7503
7506
7509
7512
7515
7518
7521
7524
7527
7530
7533
7536
7539
7542
7545
7548
7551
7554
7557
7560
7563
7566
7569
7572
7575
7578
7581
7584
7587
7590
7593
7596
7599
[mol0]
7602
7605
7608
7611
7614
7617
7620
7623
7626
7629
7632
7635
7638
7641
7644
7647
7650
7653
7656
7659
7662
7665
7668
7671
7674
7677
7680
7683
7686
7689
7692
7695
7698
7701
7704
7707
7710
7713
7716
7719
[mol0]
7722
7725
7728
7731
7734
7737
7740
7743
7746
7749
7752
7755
7758
7761
7764
7767
7770
7773
7776
7779
7782
7785
7788
7791
7794
7797
7800
7803
7806
7809
7812
7815
7818
7821
7824
7827
7830
7833
7836
7839
[mol0]
7842
7845
7848
7851
7854
7857
7860
7863
7866
7869
7872
7875
7878
7881
7884
7887
7890
7893
7896
7899
7902
7905
7908
7911
7914
7917
7920
7923
7926
7929
7932
7935
7938
7941
7944
7947
7950
7953
7956
7959
[mol0]
7962
7965
7968
7971
7974
7977
7980
7983
7986
7989
7992
7995
7998
8001
8004
8007
8010
8013
8016
8019
8022
8025
8028
8031
8034
8037
8040
8043
8046
8049
8052
8055
8058
8061
8064
8067
8070
8073
8076
8079
[mol0]
8082
8085
8088
8091
8094
8097
8100
8103
8106
8109
8112
8115
8118
8121
8124
8127
8130
8133
8136
8139
8142
8145
8148
8151
8154
8157
8160
8163
8166
8169
8172
8175
8178
8181
8184
8187
8190
8193
8196
8199
[mol0]
8202
8205
8208
8211
8214
8217
8220
8223
8226
8229
8232
8235
8238
8241
8244
8247
8250
8253
8256
8259
8262
8265
8268
8271
8274
8277
8280
8283
8286
8289
8292
8295
8298
8301
8304
8307
8310
8313
8316
8319
[mol0]
8322
8325
8328
8331
8334
8337
8340
8343
8346
8349
8352
8355
8358
8361
8364
8367
8370
8373
8376
8379
8382
8385
8388
8391
8394
8397
8400
8403
8406
8409
8412
8415
8418
8421
8424
8427
8430
8433
8436
8439
[mol0]
8442
8445
8448
8451
8454
8457
8460
8463
8466
8469
8472
8475
8478
8481
8484
8487
8490
8493
8496
8499
8502
8505
8508
8511
8514
8517
8520
8523
8526
8529
8532
8535
8538
8541
8544
8547
8550
8553
8556
8559
[mol0]
8562
8565
8568
8571
8574
8577
8580
8583
8586
8589
8592
8595
8598
8601
8604
8607
8610
8613
8616
8619
8622
8625
8628
8631
8634
8637
8640
8643
8646
8649
8652
8655
8658
8661
8664
8667
8670
8673
8676
8679
[mol0]
8682
8685
8688
8691
8694
8697
8700
8703
8706
8709
8712
8715
8718
8721
8724
8727
8730
8733
8736
8739
8742
8745
8748
8751
8754
8757
8760
8763
8766
8769
8772
8775
8778
8781
8784
8787
8790
8793
8796
8799
[mol0]
8802
8805
8808
8811
8814
8817
8820
8823
8826
8829
8832
8835
8838
8841
8844
8847
8850
8853
8856
8859
8862
8865
8868
8871
8874
8877
8880
8883
8886
8889
8892
8895
8898
8901
8904
8907
8910
8913
8916
8919
[mol0]
8922
8925
8928
8931
8934
8937
8940
8943
8946
8949
8952
8955
8958
8961
8964
8967
8970
8973
8976
8979
8982
8985
8988
8991
8994
8997
9000
9003
9006
9009
9012
9015
9018
9021
9024
9027
9030
9033
9036
9039
[mol0]
9042
9045
9048
9051
9054
9057
9060
9063
9066
9069
9072
9075
9078
9081
9084
9087
9090
9093
9096
9099
9102
9105
9108
9111
9114
9117
9120
9123
9126
9129
9132
9135
9138
9141
9144
9147
9150
9153
9156
9159
[mol0]
9162
9165
9168
9171
9174
9177
9180
9183
9186
9189
9192
9195
9198
9201
9204
9207
9210
9213
9216
9219
9222
9225
9228
9231
9234
9237
9240
9243
9246
9249
9252
9255
9258
9261
9264
9267
9270
9273
9276
9279
[mol0]
9282
9285
9288
9291
9294
9297
9300
9303
9306
9309
9312
9315
9318
9321
9324
9327
9330
9333
9336
9339
9342
9345
9348
9351
9354
9357
9360
9363
9366
9369
9372
9375
9378
9381
9384
9387
9390
9393
9396
9399
[mol0]
9402
9405
9408
9411
9414
9417
9420
9423
9426
9429
9432
9435
9438
9441
9444
9447
9450
9453
9456
9459
9462
9465
9468
9471
9474
9477
9480
9483
9486
9489
9492
9495
9498
9501
9504
9507
9510
9513
9516
9519
[mol0]
9522
9525
9528
9531
9534
9537
9540
9543
9546
9549
9552
9555
9558
9561
9564
9567
9570
9573
9576
9579
9582
9585
9588
9591
9594
9597
9600
9603
9606
9609
9612
9615
9618
9621
9624
9627
9630
9633
9636
9639
[mol0]
9642
9645
9648
9651
9654
9657
9660
9663
9666
9669
9672
9675
9678
9681
9684
9687
9690
9693
9696
9699
9702
9705
9708
9711
9714
9717
9720
9723
9726
9729
9732
9735
9738
9741
9744
9747
9750
9753
9756
9759
[mol0]
9762
9765
9768
9771
9774
9777
9780
9783
9786
9789
9792
9795
9798
9801
9804
9807
9810
9813
9816
9819
9822
9825
9828
9831
9834
9837
9840
9843
9846
9849
9852
9855
9858
9861
9864
9867
9870
9873
9876
9879
[mol0]
9882
9885
9888
9891
9894
9897
9900
9903
9906
9909
9912
9915
9918
9921
9924
9927
9930
9933
9936
9939
9942
9945
9948
9951
9954
9957
9960
9963
9966
9969
9972
9975
9978
9981
9984
9987
9990
9993
9996
9999
[mol0]
[mol0]
[mol0]
[mol0]
[mol0]
[mol0]
[mol0]
[mol0]
[mol0]
[mol0]
[mol0]
[mol0]
[mol0]
[mol0]
[mol0]
[mol0]
[mol0]
[mol0]
[mol0]
[mol0]
[mol0]
[mol0]
[mol0]
[mol0]
[mol0]
[mol0]
12002
12005
12008
12011
12014
12017
12020
12023
12026
12029
12032
12035
12038
12041
12044
12047
12050
12053
12056
12059
12062
12065
12068
12071
12074
12077
12080
12083
12086
12089
12092
12095
12098
12101
12104
12107
12110
12113
12116
12119
[mol0]
12122
12125
12128
12131
12134
12137
12140
12143
12146
12149
12152
12155
12158
12161
12164
12167
12170
12173
12176
12179
12182
12185
12188
12191
12194
12197
12200
12203
12206
12209
12212
12215
12218
12221
12224
12227
12230
12233
12236
12239
[mol0]
12242
12245
12248
12251
12254
12257
12260
12263
12266
12269
12272
12275
12278
12281
12284
12287
12290
12293
12296
12299
12302
12305
12308
12311
12314
12317
12320
12323
12326
12329
12332
12335
12338
12341
12344
12347
12350
12353
12356
12359
[mol0]
12362
12365
12368
12371
12374
12377
12380
12383
12386
12389
12392
12395
12398
12401
12404
12407
12410
12413
12416
12419
12422
12425
12428
12431
12434
12437
12440
12443
12446
12449
12452
12455
12458
12461
12464
12467
12470
12473
12476
12479
[mol0]
12482
12485
12488
12491
12494
12497
12500
12503
12506
12509
12512
12515
12518
12521
12524
12527
12530
12533
12536
12539
12542
12545
12548
12551
12554
12557
12560
12563
12566
12569
12572
12575
12578
12581
12584
12587
12590
12593
12596
12599
[mol0]
12602
12605
12608
12611
12614
12617
12620
12623
12626
12629
12632
12635
12638
12641
12644
12647
12650
12653
12656
12659
12662
12665
12668
12671
12674
12677
12680
12683
12686
12689
12692
12695
12698
12701
12704
12707
12710
12713
12716
12719
[mol0]
12722
12725
12728
12731
12734
12737
12740
12743
12746
12749
12752
12755
12758
12761
12764
12767
12770
12773
12776
12779
12782
12785
12788
12791
12794
12797
12800
12803
12806
12809
12812
12815
12818
12821
12824
12827
12830
12833
12836
12839
[mol0]
12842
12845
12848
12851
12854
12857
12860
12863
12866
12869
12872
12875
12878
12881
12884
12887
12890
12893
12896
12899
12902
12905
12908
12911
12914
12917
12920
12923
12926
12929
12932
12935
12938
12941
12944
12947
12950
12953
12956
12959
[mol0]
12962
12965
12968
12971
12974
12977
12980
12983
12986
12989
12992
12995
12998
13001
13004
13007
13010
13013
13016
13019
13022
13025
13028
13031
13034
13037
13040
13043
13046
13049
13052
13055
13058
13061
13064
13067
13070
13073
13076
13079
[mol0]
13082
13085
13088
13091
13094
13097
13100
13103
13106
13109
13112
13115
13118
13121
13124
13127
13130
13133
13136
13139
13142
13145
13148
13151
13154
13157
13160
13163
13166
13169
13172
13175
13178
13181
13184
13187
13190
13193
13196
13199
[mol0]
13202
13205
13208
13211
13214
13217
13220
13223
13226
13229
13232
13235
13238
13241
13244
13247
13250
13253
13256
13259
13262
13265
13268
13271
13274
13277
13280
13283
13286
13289
13292
13295
13298
13301
13304
13307
13310
13313
13316
13319
[mol0]
13322
13325
13328
13331
13334
13337
13340
13343
13346
13349
13352
13355
13358
13361
13364
13367
13370
13373
13376
13379
13382
13385
13388
13391
13394
13397
13400
13403
13406
13409
13412
13415
13418
13421
13424
13427
13430
13433
13436
13439
[mol0]
13442
13445
13448
13451
13454
13457
13460
13463
13466
13469
13472
13475
13478
13481
13484
13487
13490
13493
13496
13499
13502
13505
13508
13511
13514
13517
13520
13523
13526
13529
13532
13535
13538
13541
13544
13547
13550
13553
13556
13559
[mol0]
13562
13565
13568
13571
13574
13577
13580
13583
13586
13589
13592
13595
13598
13601
13604
13607
13610
13613
13616
13619
13622
13625
13628
13631
13634
13637
13640
13643
13646
13649
13652
13655
13658
13661
13664
13667
13670
13673
13676
13679
[mol0]
13682
13685
13688
13691
13694
13697
13700
13703
13706
13709
13712
13715
13718
13721
13724
13727
13730
13733
13736
13739
13742
13745
13748
13751
13754
13757
13760
13763
13766
13769
13772
13775
13778
13781
13784
13787
13790
13793
13796
13799
[mol0]
13802
13805
13808
13811
13814
13817
13820
13823
13826
13829
13832
13835
13838
13841
13844
13847
13850
13853
13856
13859
13862
13865
13868
13871
13874
13877
13880
13883
13886
13889
13892
13895
13898
13901
13904
13907
13910
13913
13916
13919
[mol0]
13922
13925
13928
13931
13934
13937
13940
13943
13946
13949
13952
13955
13958
13961
13964
13967
13970
13973
13976
13979
13982
13985
13988
13991
13994
13997
14000
14003
14006
14009
14012
14015
14018
14021
14024
14027
14030
14033
14036
14039
[mol0]
14042
14045
14048
14051
14054
14057
14060
14063
14066
14069
14072
14075
14078
14081
14084
14087
14090
14093
14096
14099
14102
14105
14108
14111
14114
14117
14120
14123
14126
14129
14132
14135
14138
14141
14144
14147
14150
14153
14156
14159
[mol0]
14162
14165
14168
14171
14174
14177
14180
14183
14186
14189
14192
14195
14198
14201
14204
14207
14210
14213
14216
14219
14222
14225
14228
14231
14234
14237
14240
14243
14246
14249
14252
14255
14258
14261
14264
14267
14270
14273
14276
14279
[mol0]
14282
14285
14288
14291
14294
14297
14300
14303
14306
14309
14312
14315
14318
14321
14324
14327
14330
14333
14336
14339
14342
14345
14348
14351
14354
14357
14360
14363
14366
14369
14372
14375
14378
14381
14384
14387
14390
14393
14396
14399
[mol0]
14402
14405
14408
14411
14414
14417
14420
14423
14426
14429
14432
14435
14438
14441
14444
14447
14450
14453
14456
14459
14462
14465
14468
14471
14474
14477
14480
14483
14486
14489
14492
14495
14498
14501
14504
14507
14510
14513
14516
14519
[mol0]
14522
14525
14528
14531
14534
14537
14540
14543
14546
14549
14552
14555
14558
14561
14564
14567
14570
14573
14576
14579
14582
14585
14588
14591
14594
14597
14600
14603
14606
14609
14612
14615
14618
14621
14624
14627
14630
14633
14636
14639
[mol0]
14642
14645
14648
14651
14654
14657
14660
14663
14666
14669
14672
14675
14678
14681
14684
14687
14690
14693
14696
14699
14702
14705
14708
14711
14714
14717
14720
14723
14726
14729
14732
14735
14738
14741
14744
14747
14750
14753
14756
14759
[mol0]
14762
14765
14768
14771
14774
14777
14780
14783
14786
14789
14792
14795
14798
14801
14804
14807
14810
14813
14816
14819
14822
14825
14828
14831
14834
14837
14840
14843
14846
14849
14852
14855
14858
14861
14864
14867
14870
14873
14876
14879
[mol0]
14882
14885
14888
14891
14894
14897
14900
14903
14906
14909
14912
14915
14918
14921
14924
14927
14930
14933
14936
14939
14942
14945
14948
14951
14954
14957
14960
14963
14966
14969
14972
14975
14978
14981
14984
14987
14990
14993
14996
14999
[mol0]
[mol0]
[mol0]
[mol0]
[mol0]
[mol0]
[mol0]
[mol0]
[mol0]
[mol0]
[mol0]
[mol0]
[mol0]
[mol0]
[mol0]
[mol0]
[mol0]
[mol0]
[mol0]
[mol0]
[mol0]
[mol0]
[mol0]
[mol0]
[mol0]
[mol0]
17002
17005
17008
17011
17014
17017
17020
17023
17026
17029
17032
17035
17038
17041
17044
17047
17050
17053
17056
17059
17062
17065
17068
17071
17074
17077
17080
17083
17086
17089
17092
17095
17098
17101
17104
17107
17110
17113
17116
17119
[mol0]
17122
17125
17128
17131
17134
17137
17140
17143
17146
17149
17152
17155
17158
17161
17164
17167
17170
17173
17176
17179
17182
17185
17188
17191
17194
17197
17200
17203
17206
17209
17212
17215
17218
17221
17224
17227
17230
17233
17236
17239
[mol0]
17242
17245
17248
17251
17254
17257
17260
17263
17266
17269
17272
17275
17278
17281
17284
17287
17290
17293
17296
17299
17302
17305
17308
17311
17314
17317
17320
17323
17326
17329
17332
17335
17338
17341
17344
17347
17350
17353
17356
17359
[mol0]
17362
17365
17368
17371
17374
17377
17380
17383
17386
17389
17392
17395
17398
17401
17404
17407
17410
17413
17416
17419
17422
17425
17428
17431
17434
17437
17440
17443
17446
17449
17452
17455
17458
17461
17464
17467
17470
17473
17476
17479
[mol0]
17482
17485
17488
17491
17494
17497
17500
17503
17506
17509
17512
17515
17518
17521
17524
17527
17530
17533
17536
17539
17542
17545
17548
17551
17554
17557
17560
17563
17566
17569
17572
17575
17578
17581
17584
17587
17590
17593
17596
17599
[mol0]
17602
17605
17608
17611
17614
17617
17620
17623
17626
17629
17632
17635
17638
17641
17644
17647
17650
17653
17656
17659
17662
17665
17668
17671
17674
17677
17680
17683
17686
17689
17692
17695
17698
17701
17704
17707
17710
17713
17716
17719
[mol0]
17722
17725
17728
17731
17734
17737
17740
17743
17746
17749
17752
17755
17758
17761
17764
17767
17770
17773
17776
17779
17782
17785
17788
17791
17794
17797
17800
17803
17806
17809
17812
17815
17818
17821
17824
17827
17830
17833
17836
17839
[mol0]
17842
17845
17848
17851
17854
17857
17860
17863
17866
17869
17872
17875
17878
17881
17884
17887
17890
17893
17896
17899
17902
17905
17908
17911
17914
17917
17920
17923
17926
17929
17932
17935
17938
17941
17944
17947
17950
17953
17956
17959
[mol0]
17962
17965
17968
17971
17974
17977
17980
17983
17986
17989
17992
17995
17998
18001
18004
18007
18010
18013
18016
18019
18022
18025
18028
18031
18034
18037
18040
18043
18046
18049
18052
18055
18058
18061
18064
18067
18070
18073
18076
18079
[mol0]
18082
18085
18088
18091
18094
18097
18100
18103
18106
18109
18112
18115
18118
18121
18124
18127
18130
18133
18136
18139
18142
18145
18148
18151
18154
18157
18160
18163
18166
18169
18172
18175
18178
18181
18184
18187
18190
18193
18196
18199
[mol0]
18202
18205
18208
18211
18214
18217
18220
18223
18226
18229
18232
18235
18238
18241
18244
18247
18250
18253
18256
18259
18262
18265
18268
18271
18274
18277
18280
18283
18286
18289
18292
18295
18298
18301
18304
18307
18310
18313
18316
18319
[mol0]
18322
18325
18328
18331
18334
18337
18340
18343
18346
18349
18352
18355
18358
18361
18364
18367
18370
18373
18376
18379
18382
18385
18388
18391
18394
18397
18400
18403
18406
18409
18412
18415
18418
18421
18424
18427
18430
18433
18436
18439
[mol0]
18442
18445
18448
18451
18454
18457
18460
18463
18466
18469
18472
18475
18478
18481
18484
18487
18490
18493
18496
18499
18502
18505
18508
18511
18514
18517
18520
18523
18526
18529
18532
18535
18538
18541
18544
18547
18550
18553
18556
18559
[mol0]
18562
18565
18568
18571
18574
18577
18580
18583
18586
18589
18592
18595
18598
18601
18604
18607
18610
18613
18616
18619
18622
18625
18628
18631
18634
18637
18640
18643
18646
18649
18652
18655
18658
18661
18664
18667
18670
18673
18676
18679
[mol0]
18682
18685
18688
18691
18694
18697
18700
18703
18706
18709
18712
18715
18718
18721
18724
18727
18730
18733
18736
18739
18742
18745
18748
18751
18754
18757
18760
18763
18766
18769
18772
18775
18778
18781
18784
18787
18790
18793
18796
18799
[mol0]
18802
18805
18808
18811
18814
18817
18820
18823
18826
18829
18832
18835
18838
18841
18844
18847
18850
18853
18856
18859
18862
18865
18868
18871
18874
18877
18880
18883
18886
18889
18892
18895
18898
18901
18904
18907
18910
18913
18916
18919
[mol0]
18922
18925
18928
18931
18934
18937
18940
18943
18946
18949
18952
18955
18958
18961
18964
18967
18970
18973
18976
18979
18982
18985
18988
18991
18994
18997
19000
19003
19006
19009
19012
19015
19018
19021
19024
19027
19030
19033
19036
19039
[mol0]
19042
19045
19048
19051
19054
19057
19060
19063
19066
19069
19072
19075
19078
19081
19084
19087
19090
19093
19096
19099
19102
19105
19108
19111
19114
19117
19120
19123
19126
19129
19132
19135
19138
19141
19144
19147
19150
19153
19156
19159
[mol0]
19162
19165
19168
19171
19174
19177
19180
19183
19186
19189
19192
19195
19198
19201
19204
19207
19210
19213
19216
19219
19222
19225
19228
19231
19234
19237
19240
19243
19246
19249
19252
19255
19258
19261
19264
19267
19270
19273
19276
19279
[mol0]
19282
19285
19288
19291
19294
19297
19300
19303
19306
19309
19312
19315
19318
19321
19324
19327
19330
19333
19336
19339
19342
19345
19348
19351
19354
19357
19360
19363
19366
19369
19372
19375
19378
19381
19384
19387
19390
19393
19396
19399
[mol0]
19402
19405
19408
19411
19414
19417
19420
19423
19426
19429
19432
19435
19438
19441
19444
19447
19450
19453
19456
19459
19462
19465
19468
19471
19474
19477
19480
19483
19486
19489
19492
19495
19498
19501
19504
19507
19510
19513
19516
19519
[mol0]
19522
19525
19528
19531
19534
19537
19540
19543
19546
19549
19552
19555
19558
19561
19564
19567
19570
19573
19576
19579
19582
19585
19588
19591
19594
19597
19600
19603
19606
19609
19612
19615
19618
19621
19624
19627
19630
19633
19636
19639
[mol0]
19642
19645
19648
19651
19654
19657
19660
19663
19666
19669
19672
19675
19678
19681
19684
19687
19690
19693
19696
19699
19702
19705
19708
19711
19714
19717
19720
19723
19726
19729
19732
19735
19738
19741
19744
19747
19750
19753
19756
19759
[mol0]
19762
19765
19768
19771
19774
19777
19780
19783
19786
19789
19792
19795
19798
19801
19804
19807
19810
19813
19816
19819
19822
19825
19828
19831
19834
19837
19840
19843
19846
19849
19852
19855
19858
19861
19864
19867
19870
19873
19876
19879
[mol0]
19882
19885
19888
19891
19894
19897
19900
19903
19906
19909
19912
19915
19918
19921
19924
19927
19930
19933
19936
19939
19942
19945
19948
19951
19954
19957
19960
19963
19966
19969
19972
19975
19978
19981
19984
19987
19990
19993
19996
19999
[mol0]
[mol0]
[mol0]
[mol0]
[mol0]
[mol0]
[mol0]
[mol0]
[mol0]
[mol0]
[mol0]
[mol0]
[mol0]
[mol0]
[mol0]
[mol0]
[mol0]
[mol0]
[mol0]
[mol0]
[mol0]
[mol0]
[mol0]
[mol0]
[mol0]
[mol0]
22002
22005
22008
22011
22014
22017
22020
22023
22026
22029
22032
22035
22038
22041
22044
22047
22050
22053
22056
22059
22062
22065
22068
22071
22074
22077
22080
22083
22086
22089
22092
22095
22098
22101
22104
22107
22110
22113
22116
22119
[mol0]
22122
22125
22128
22131
22134
22137
22140
22143
22146
22149
22152
22155
22158
22161
22164
22167
22170
22173
22176
22179
22182
22185
22188
22191
22194
22197
22200
22203
22206
22209
22212
22215
22218
22221
22224
22227
22230
22233
22236
22239
[mol0]
22242
22245
22248
22251
22254
22257
22260
22263
22266
22269
22272
22275
22278
22281
22284
22287
22290
22293
22296
22299
22302
22305
22308
22311
22314
22317
22320
22323
22326
22329
22332
22335
22338
22341
22344
22347
22350
22353
22356
22359
[mol0]
22362
22365
22368
22371
22374
22377
22380
22383
22386
22389
22392
22395
22398
22401
22404
22407
22410
22413
22416
22419
22422
22425
22428
22431
22434
22437
22440
22443
22446
22449
22452
22455
22458
22461
22464
22467
22470
22473
22476
22479
[mol0]
22482
22485
22488
22491
22494
22497
22500
22503
22506
22509
22512
22515
22518
22521
22524
22527
22530
22533
22536
22539
22542
22545
22548
22551
22554
22557
22560
22563
22566
22569
22572
22575
22578
22581
22584
22587
22590
22593
22596
22599
[mol0]
22602
22605
22608
22611
22614
22617
22620
22623
22626
22629
22632
22635
22638
22641
22644
22647
22650
22653
22656
22659
22662
22665
22668
22671
22674
22677
22680
22683
22686
22689
22692
22695
22698
22701
22704
22707
22710
22713
22716
22719
[mol0]
22722
22725
22728
22731
22734
22737
22740
22743
22746
22749
22752
22755
22758
22761
22764
22767
22770
22773
22776
22779
22782
22785
22788
22791
22794
22797
22800
22803
22806
22809
22812
22815
22818
22821
22824
22827
22830
22833
22836
22839
[mol0]
22842
22845
22848
22851
22854
22857
22860
22863
22866
22869
22872
22875
22878
22881
22884
22887
22890
22893
22896
22899
22902
22905
22908
22911
22914
22917
22920
22923
22926
22929
22932
22935
22938
22941
22944
22947
22950
22953
22956
22959
[mol0]
22962
22965
22968
22971
22974
22977
22980
22983
22986
22989
22992
22995
22998
23001
23004
23007
23010
23013
23016
23019
23022
23025
23028
23031
23034
23037
23040
23043
23046
23049
23052
23055
23058
23061
23064
23067
23070
23073
23076
23079
[mol0]
23082
23085
23088
23091
23094
23097
23100
23103
23106
23109
23112
23115
23118
23121
23124
23127
23130
23133
23136
23139
23142
23145
23148
23151
23154
23157
23160
23163
23166
23169
23172
23175
23178
23181
23184
23187
23190
23193
23196
23199
[mol0]
23202
23205
23208
23211
23214
23217
23220
23223
23226
23229
23232
23235
23238
23241
23244
23247
23250
23253
23256
23259
23262
23265
23268
23271
23274
23277
23280
23283
23286
23289
23292
23295
23298
23301
23304
23307
23310
23313
23316
23319
[mol0]
23322
23325
23328
23331
23334
23337
23340
23343
23346
23349
23352
23355
23358
23361
23364
23367
23370
23373
23376
23379
23382
23385
23388
23391
23394
23397
23400
23403
23406
23409
23412
23415
23418
23421
23424
23427
23430
23433
23436
23439
[mol0]
23442
23445
23448
23451
23454
23457
23460
23463
23466
23469
23472
23475
23478
23481
23484
23487
23490
23493
23496
23499
23502
23505
23508
23511
23514
23517
23520
23523
23526
23529
23532
23535
23538
23541
23544
23547
23550
23553
23556
23559
[mol0]
23562
23565
23568
23571
23574
23577
23580
23583
23586
23589
23592
23595
23598
23601
23604
23607
23610
23613
23616
23619
23622
23625
23628
23631
23634
23637
23640
23643
23646
23649
23652
23655
23658
23661
23664
23667
23670
23673
23676
23679
[mol0]
23682
23685
23688
23691
23694
23697
23700
23703
23706
23709
23712
23715
23718
23721
23724
23727
23730
23733
23736
23739
23742
23745
23748
23751
23754
23757
23760
23763
23766
23769
23772
23775
23778
23781
23784
23787
23790
23793
23796
23799
[mol0]
23802
23805
23808
23811
23814
23817
23820
23823
23826
23829
23832
23835
23838
23841
23844
23847
23850
23853
23856
23859
23862
23865
23868
23871
23874
23877
23880
23883
23886
23889
23892
23895
23898
23901
23904
23907
23910
23913
23916
23919
[mol0]
23922
23925
23928
23931
23934
23937
23940
23943
23946
23949
23952
23955
23958
23961
23964
23967
23970
23973
23976
23979
23982
23985
23988
23991
23994
23997
24000
24003
24006
24009
24012
24015
24018
24021
24024
24027
24030
24033
24036
24039
[mol0]
24042
24045
24048
24051
24054
24057
24060
24063
24066
24069
24072
24075
24078
24081
24084
24087
24090
24093
24096
24099
24102
24105
24108
24111
24114
24117
24120
24123
24126
24129
24132
24135
24138
24141
24144
24147
24150
24153
24156
24159
[mol0]
24162
24165
24168
24171
24174
24177
24180
24183
24186
24189
24192
24195
24198
24201
24204
24207
24210
24213
24216
24219
24222
24225
24228
24231
24234
24237
24240
24243
24246
24249
24252
24255
24258
24261
24264
24267
24270
24273
24276
24279
[mol0]
24282
24285
24288
24291
24294
24297
24300
24303
24306
24309
24312
24315
24318
24321
24324
24327
24330
24333
24336
24339
24342
24345
24348
24351
24354
24357
24360
24363
24366
24369
24372
24375
24378
24381
24384
24387
24390
24393
24396
24399
[mol0]
24402
24405
24408
24411
24414
24417
24420
24423
24426
24429
24432
24435
24438
24441
24444
24447
24450
24453
24456
24459
24462
24465
24468
24471
24474
24477
24480
24483
24486
24489
24492
24495
24498
24501
24504
24507
24510
24513
24516
24519
[mol0]
24522
24525
24528
24531
24534
24537
24540
24543
24546
24549
24552
24555
24558
24561
24564
24567
24570
24573
24576
24579
24582
24585
24588
24591
24594
24597
24600
24603
24606
24609
24612
24615
24618
24621
24624
24627
24630
24633
24636
24639
[mol0]
24642
24645
24648
24651
24654
24657
24660
24663
24666
24669
24672
24675
24678
24681
24684
24687
24690
24693
24696
24699
24702
24705
24708
24711
24714
24717
24720
24723
24726
24729
24732
24735
24738
24741
24744
24747
24750
24753
24756
24759
[mol0]
24762
24765
24768
24771
24774
24777
24780
24783
24786
24789
24792
24795
24798
24801
24804
24807
24810
24813
24816
24819
24822
24825
24828
24831
24834
24837
24840
24843
24846
24849
24852
24855
24858
24861
24864
24867
24870
24873
24876
24879
[mol0]
24882
24885
24888
24891
24894
24897
24900
24903
24906
24909
24912
24915
24918
24921
24924
24927
24930
24933
24936
24939
24942
24945
24948
24951
24954
24957
24960
24963
24966
24969
24972
24975
24978
24981
24984
24987
24990
24993
24996
24999
[mol0]
[mol0]
[mol0]
[mol0]
[mol0]
[mol0]
[mol0]
[mol0]
[mol0]
[mol0]
[mol0]
[mol0]
[mol0]
[mol0]
[mol0]
[mol0]
[mol0]
[mol0]
[mol0]
[mol0]
[mol0]
[mol0]
[mol0]
[mol0]
[mol0]
[mol0]
27002
27005
27008
27011
27014
27017
27020
27023
27026
27029
27032
27035
27038
27041
27044
27047
27050
27053
27056
27059
27062
27065
27068
27071
27074
27077
27080
27083
27086
27089
27092
27095
27098
27101
27104
27107
27110
27113
27116
27119
[mol0]
27122
27125
27128
27131
27134
27137
27140
27143
27146
27149
27152
27155
27158
27161
27164
27167
27170
27173
27176
27179
27182
27185
27188
27191
27194
27197
27200
27203
27206
27209
27212
27215
27218
27221
27224
27227
27230
27233
27236
27239
[mol0]
27242
27245
27248
27251
27254
27257
27260
27263
27266
27269
27272
27275
27278
27281
27284
27287
27290
27293
27296
27299
27302
27305
27308
27311
27314
27317
27320
27323
27326
27329
27332
27335
27338
27341
27344
27347
27350
27353
27356
27359
[mol0]
27362
27365
27368
27371
27374
27377
27380
27383
27386
27389
27392
27395
27398
27401
27404
27407
27410
27413
27416
27419
27422
27425
27428
27431
27434
27437
27440
27443
27446
27449
27452
27455
27458
27461
27464
27467
27470
27473
27476
27479
[mol0]
27482
27485
27488
27491
27494
27497
27500
27503
27506
27509
27512
27515
27518
27521
27524
27527
27530
27533
27536
27539
27542
27545
27548
27551
27554
27557
27560
27563
27566
27569
27572
27575
27578
27581
27584
27587
27590
27593
27596
27599
[mol0]
27602
27605
27608
27611
27614
27617
27620
27623
27626
27629
27632
27635
27638
27641
27644
27647
27650
27653
27656
27659
27662
27665
27668
27671
27674
27677
27680
27683
27686
27689
27692
27695
27698
27701
27704
27707
27710
27713
27716
27719
[mol0]
27722
27725
27728
27731
27734
27737
27740
27743
27746
27749
27752
27755
27758
27761
27764
27767
27770
27773
27776
27779
27782
27785
27788
27791
27794
27797
27800
27803
27806
27809
27812
27815
27818
27821
27824
27827
27830
27833
27836
27839
[mol0]
27842
27845
27848
27851
27854
27857
27860
27863
27866
27869
27872
27875
27878
27881
27884
27887
27890
27893
27896
27899
27902
27905
27908
27911
27914
27917
27920
27923
27926
27929
27932
27935
27938
27941
27944
27947
27950
27953
27956
27959
[mol0]
27962
27965
27968
27971
27974
27977
27980
27983
27986
27989
27992
27995
27998
28001
28004
28007
28010
28013
28016
28019
28022
28025
28028
28031
28034
28037
28040
28043
28046
28049
28052
28055
28058
28061
28064
28067
28070
28073
28076
28079
[mol0]
28082
28085
28088
28091
28094
28097
28100
28103
28106
28109
28112
28115
28118
28121
28124
28127
28130
28133
28136
28139
28142
28145
28148
28151
28154
28157
28160
28163
28166
28169
28172
28175
28178
28181
28184
28187
28190
28193
28196
28199
[mol0]
28202
28205
28208
28211
28214
28217
28220
28223
28226
28229
28232
28235
28238
28241
28244
28247
28250
28253
28256
28259
28262
28265
28268
28271
28274
28277
28280
28283
28286
28289
28292
28295
28298
28301
28304
28307
28310
28313
28316
28319
[mol0]
28322
28325
28328
28331
28334
28337
28340
28343
28346
28349
28352
28355
28358
28361
28364
28367
28370
28373
28376
28379
28382
28385
28388
28391
28394
28397
28400
28403
28406
28409
28412
28415
28418
28421
28424
28427
28430
28433
28436
28439
[mol0]
28442
28445
28448
28451
28454
28457
28460
28463
28466
28469
28472
28475
28478
28481
28484
28487
28490
28493
28496
28499
28502
28505
28508
28511
28514
28517
28520
28523
28526
28529
28532
28535
28538
28541
28544
28547
28550
28553
28556
28559
[mol0]
28562
28565
28568
28571
28574
28577
28580
28583
28586
28589
28592
28595
28598
28601
28604
28607
28610
28613
28616
28619
28622
28625
28628
28631
28634
28637
28640
28643
28646
28649
28652
28655
28658
28661
28664
28667
28670
28673
28676
28679
[mol0]
28682
28685
28688
28691
28694
28697
28700
28703
28706
28709
28712
28715
28718
28721
28724
28727
28730
28733
28736
28739
28742
28745
28748
28751
28754
28757
28760
28763
28766
28769
28772
28775
28778
28781
28784
28787
28790
28793
28796
28799
[mol0]
28802
28805
28808
28811
28814
28817
28820
28823
28826
28829
28832
28835
28838
28841
28844
28847
28850
28853
28856
28859
28862
28865
28868
28871
28874
28877
28880
28883
28886
28889
28892
28895
28898
28901
28904
28907
28910
28913
28916
28919
[mol0]
28922
28925
28928
28931
28934
28937
28940
28943
28946
28949
28952
28955
28958
28961
28964
28967
28970
28973
28976
28979
28982
28985
28988
28991
28994
28997
29000
29003
29006
29009
29012
29015
29018
29021
29024
29027
29030
29033
29036
29039
[mol0]
29042
29045
29048
29051
29054
29057
29060
29063
29066
29069
29072
29075
29078
29081
29084
29087
29090
29093
29096
29099
29102
29105
29108
29111
29114
29117
29120
29123
29126
29129
29132
29135
29138
29141
29144
29147
29150
29153
29156
29159
[mol0]
29162
29165
29168
29171
29174
29177
29180
29183
29186
29189
29192
29195
29198
29201
29204
29207
29210
29213
29216
29219
29222
29225
29228
29231
29234
29237
29240
29243
29246
29249
29252
29255
29258
29261
29264
29267
29270
29273
29276
29279
[mol0]
29282
29285
29288
29291
29294
29297
29300
29303
29306
29309
29312
29315
29318
29321
29324
29327
29330
29333
29336
29339
29342
29345
29348
29351
29354
29357
29360
29363
29366
29369
29372
29375
29378
29381
29384
29387
29390
29393
29396
29399
[mol0]
29402
29405
29408
29411
29414
29417
29420
29423
29426
29429
29432
29435
29438
29441
29444
29447
29450
29453
29456
29459
29462
29465
29468
29471
29474
29477
29480
29483
29486
29489
29492
29495
29498
29501
29504
29507
29510
29513
29516
29519
[mol0]
29522
29525
29528
29531
29534
29537
29540
29543
29546
29549
29552
29555
29558
29561
29564
29567
29570
29573
29576
29579
29582
29585
29588
29591
29594
29597
29600
29603
29606
29609
29612
29615
29618
29621
29624
29627
29630
29633
29636
29639
[mol0]
29642
29645
29648
29651
29654
29657
29660
29663
29666
29669
29672
29675
29678
29681
29684
29687
29690
29693
29696
29699
29702
29705
29708
29711
29714
29717
29720
29723
29726
29729
29732
29735
29738
29741
29744
29747
29750
29753
29756
29759
[mol0]
29762
29765
29768
29771
29774
29777
29780
29783
29786
29789
29792
29795
29798
29801
29804
29807
29810
29813
29816
29819
29822
29825
29828
29831
29834
29837
29840
29843
29846
29849
29852
29855
29858
29861
29864
29867
29870
29873
29876
29879
[mol0]
29882
29885
29888
29891
29894
29897
29900
29903
29906
29909
29912
29915
29918
29921
29924
29927
29930
29933
29936
29939
29942
29945
29948
29951
29954
29957
29960
29963
29966
29969
29972
29975
29978
29981
29984
29987
29990
29993
29996
29999
[mol0]
[mol0]
[mol0]
[mol0]
[mol0]
[mol0]
[mol0]
[mol0]
[mol0]
[mol0]
[mol0]
[mol0]
[mol0]
[mol0]
[mol0]
[mol0]
[mol0]
[mol0]
[mol0]
[mol0]
[mol0]
[mol0]
[mol0]
[mol0]
[mol0]
[mol0]
32002
32005
32008
32011
32014
32017
32020
32023
32026
32029
32032
32035
32038
32041
32044
32047
32050
32053
32056
32059
32062
32065
32068
32071
32074
32077
32080
32083
32086
32089
32092
32095
32098
32101
32104
32107
32110
32113
32116
32119
[mol0]
32122
32125
32128
32131
32134
32137
32140
32143
32146
32149
32152
32155
32158
32161
32164
32167
32170
32173
32176
32179
32182
32185
32188
32191
32194
32197
32200
32203
32206
32209
32212
32215
32218
32221
32224
32227
32230
32233
32236
32239
[mol0]
32242
32245
32248
32251
32254
32257
32260
32263
32266
32269
32272
32275
32278
32281
32284
32287
32290
32293
32296
32299
32302
32305
32308
32311
32314
32317
32320
32323
32326
32329
32332
32335
32338
32341
32344
32347
32350
32353
32356
32359
[mol0]
32362
32365
32368
32371
32374
32377
32380
32383
32386
32389
32392
32395
32398
32401
32404
32407
32410
32413
32416
32419
32422
32425
32428
32431
32434
32437
32440
32443
32446
32449
32452
32455
32458
32461
32464
32467
32470
32473
32476
32479
[mol0]
32482
32485
32488
32491
32494
32497
32500
32503
32506
32509
32512
32515
32518
32521
32524
32527
32530
32533
32536
32539
32542
32545
32548
32551
32554
32557
32560
32563
32566
32569
32572
32575
32578
32581
32584
32587
32590
32593
32596
32599
[mol0]
32602
32605
32608
32611
32614
32617
32620
32623
32626
32629
32632
32635
32638
32641
32644
32647
32650
32653
32656
32659
32662
32665
32668
32671
32674
32677
32680
32683
32686
32689
32692
32695
32698
32701
32704
32707
32710
32713
32716
32719
[mol0]
32722
32725
32728
32731
32734
32737
32740
32743
32746
32749
32752
32755
32758
32761
32764
32767
32770
32773
32776
32779
32782
32785
32788
32791
32794
32797
32800
32803
32806
32809
32812
32815
32818
32821
32824
32827
32830
32833
32836
32839
[mol0]
32842
32845
32848
32851
32854
32857
32860
32863
32866
32869
32872
32875
32878
32881
32884
32887
32890
32893
32896
32899
32902
32905
32908
32911
32914
32917
32920
32923
32926
32929
32932
32935
32938
32941
32944
32947
32950
32953
32956
32959
[mol0]
32962
32965
32968
32971
32974
32977
32980
32983
32986
32989
32992
32995
32998
33001
33004
33007
33010
33013
33016
33019
33022
33025
33028
33031
33034
33037
33040
33043
33046
33049
33052
33055
33058
33061
33064
33067
33070
33073
33076
33079
[mol0]
33082
33085
33088
33091
33094
33097
33100
33103
33106
33109
33112
33115
33118
33121
33124
33127
33130
33133
33136
33139
33142
33145
33148
33151
33154
33157
33160
33163
33166
33169
33172
33175
33178
33181
33184
33187
33190
33193
33196
33199
[mol0]
33202
33205
33208
33211
33214
33217
33220
33223
33226
33229
33232
33235
33238
33241
33244
33247
33250
33253
33256
33259
33262
33265
33268
33271
33274
33277
33280
33283
33286
33289
33292
33295
33298
33301
33304
33307
33310
33313
33316
33319
[mol0]
33322
33325
33328
33331
33334
33337
33340
33343
33346
33349
33352
33355
33358
33361
33364
33367
33370
33373
33376
33379
33382
33385
33388
33391
33394
33397
33400
33403
33406
33409
33412
33415
33418
33421
33424
33427
33430
33433
33436
33439
[mol0]
33442
33445
33448
33451
33454
33457
33460
33463
33466
33469
33472
33475
33478
33481
33484
33487
33490
33493
33496
33499
33502
33505
33508
33511
33514
33517
33520
33523
33526
33529
33532
33535
33538
33541
33544
33547
33550
33553
33556
33559
[mol0]
33562
33565
33568
33571
33574
33577
33580
33583
33586
33589
33592
33595
33598
33601
33604
33607
33610
33613
33616
33619
33622
33625
33628
33631
33634
33637
33640
33643
33646
33649
33652
33655
33658
33661
33664
33667
33670
33673
33676
33679
[mol0]
33682
33685
33688
33691
33694
33697
33700
33703
33706
33709
33712
33715
33718
33721
33724
33727
33730
33733
33736
33739
33742
33745
33748
33751
33754
33757
33760
33763
33766
33769
33772
33775
33778
33781
33784
33787
33790
33793
33796
33799
[mol0]
33802
33805
33808
33811
33814
33817
33820
33823
33826
33829
33832
33835
33838
33841
33844
33847
33850
33853
33856
33859
33862
33865
33868
33871
33874
33877
33880
33883
33886
33889
33892
33895
33898
33901
33904
33907
33910
33913
33916
33919
[mol0]
33922
33925
33928
33931
33934
33937
33940
33943
33946
33949
33952
33955
33958
33961
33964
33967
33970
33973
33976
33979
33982
33985
33988
33991
33994
33997
34000
34003
34006
34009
34012
34015
34018
34021
34024
34027
34030
34033
34036
34039
[mol0]
34042
34045
34048
34051
34054
34057
34060
34063
34066
34069
34072
34075
34078
34081
34084
34087
34090
34093
34096
34099
34102
34105
34108
34111
34114
34117
34120
34123
34126
34129
34132
34135
34138
34141
34144
34147
34150
34153
34156
34159
[mol0]
34162
34165
34168
34171
34174
34177
34180
34183
34186
34189
34192
34195
34198
34201
34204
34207
34210
34213
34216
34219
34222
34225
34228
34231
34234
34237
34240
34243
34246
34249
34252
34255
34258
34261
34264
34267
34270
34273
34276
34279
[mol0]
34282
34285
34288
34291
34294
34297
34300
34303
34306
34309
34312
34315
34318
34321
34324
34327
34330
34333
34336
34339
34342
34345
34348
34351
34354
34357
34360
34363
34366
34369
34372
34375
34378
34381
34384
34387
34390
34393
34396
34399
[mol0]
34402
34405
34408
34411
34414
34417
34420
34423
34426
34429
34432
34435
34438
34441
34444
34447
34450
34453
34456
34459
34462
34465
34468
34471
34474
34477
34480
34483
34486
34489
34492
34495
34498
34501
34504
34507
34510
34513
34516
34519
[mol0]
34522
34525
34528
34531
34534
34537
34540
34543
34546
34549
34552
34555
34558
34561
34564
34567
34570
34573
34576
34579
34582
34585
34588
34591
34594
34597
34600
34603
34606
34609
34612
34615
34618
34621
34624
34627
34630
34633
34636
34639
[mol0]
34642
34645
34648
34651
34654
34657
34660
34663
34666
34669
34672
34675
34678
34681
34684
34687
34690
34693
34696
34699
34702
34705
34708
34711
34714
34717
34720
34723
34726
34729
34732
34735
34738
34741
34744
34747
34750
34753
34756
34759
[mol0]
34762
34765
34768
34771
34774
34777
34780
34783
34786
34789
34792
34795
34798
34801
34804
34807
34810
34813
34816
34819
34822
34825
34828
34831
34834
34837
34840
34843
34846
34849
34852
34855
34858
34861
34864
34867
34870
34873
34876
34879
[mol0]
34882
34885
34888
34891
34894
34897
34900
34903
34906
34909
34912
34915
34918
34921
34924
34927
34930
34933
34936
34939
34942
34945
34948
34951
34954
34957
34960
34963
34966
34969
34972
34975
34978
34981
34984
34987
34990
34993
34996
34999
[mol0]
[mol0]
[mol0]
[mol0]
[mol0]
[mol0]
[mol0]
[mol0]
[mol0]
[mol0]
[mol0]
[mol0]
[mol0]
[mol0]
[mol0]
[mol0]
[mol0]
[mol0]
[mol0]
[mol0]
[mol0]
[mol0]
[mol0]
[mol0]
[mol0]
[mol0]
37002
37005
37008
37011
37014
37017
37020
37023
37026
37029
37032
37035
37038
37041
37044
37047
37050
37053
37056
37059
37062
37065
37068
37071
37074
37077
37080
37083
37086
37089
37092
37095
37098
37101
37104
37107
37110
37113
37116
37119
[mol0]
37122
37125
37128
37131
37134
37137
37140
37143
37146
37149
37152
37155
37158
37161
37164
37167
37170
37173
37176
37179
37182
37185
37188
37191
37194
37197
37200
37203
37206
37209
37212
37215
37218
37221
37224
37227
37230
37233
37236
37239
[mol0]
37242
37245
37248
37251
37254
37257
37260
37263
37266
37269
37272
37275
37278
37281
37284
37287
37290
37293
37296
37299
37302
37305
37308
37311
37314
37317
37320
37323
37326
37329
37332
37335
37338
37341
37344
37347
37350
37353
37356
37359
[mol0]
37362
37365
37368
37371
37374
37377
37380
37383
37386
37389
37392
37395
37398
37401
37404
37407
37410
37413
37416
37419
37422
37425
37428
37431
37434
37437
37440
37443
37446
37449
37452
37455
37458
37461
37464
37467
37470
37473
37476
37479
[mol0]
37482
37485
37488
37491
37494
37497
37500
37503
37506
37509
37512
37515
37518
37521
37524
37527
37530
37533
37536
37539
37542
37545
37548
37551
37554
37557
37560
37563
37566
37569
37572
37575
37578
37581
37584
37587
37590
37593
37596
37599
[mol0]
37602
37605
37608
37611
37614
37617
37620
37623
37626
37629
37632
37635
37638
37641
37644
37647
37650
37653
37656
37659
37662
37665
37668
37671
37674
37677
37680
37683
37686
37689
37692
37695
37698
37701
37704
37707
37710
37713
37716
37719
[mol0]
37722
37725
37728
37731
37734
37737
37740
37743
37746
37749
37752
37755
37758
37761
37764
37767
37770
37773
37776
37779
37782
37785
37788
37791
37794
37797
37800
37803
37806
37809
37812
37815
37818
37821
37824
37827
37830
37833
37836
37839
[mol0]
37842
37845
37848
37851
37854
37857
37860
37863
37866
37869
37872
37875
37878
37881
37884
37887
37890
37893
37896
37899
37902
37905
37908
37911
37914
37917
37920
37923
37926
37929
37932
37935
37938
37941
37944
37947
37950
37953
37956
37959
[mol0]
37962
37965
37968
37971
37974
37977
37980
37983
37986
37989
37992
37995
37998
38001
38004
38007
38010
38013
38016
38019
38022
38025
38028
38031
38034
38037
38040
38043
38046
38049
38052
38055
38058
38061
38064
38067
38070
38073
38076
38079
[mol0]
38082
38085
38088
38091
38094
38097
38100
38103
38106
38109
38112
38115
38118
38121
38124
38127
38130
38133
38136
38139
38142
38145
38148
38151
38154
38157
38160
38163
38166
38169
38172
38175
38178
38181
38184
38187
38190
38193
38196
38199
[mol0]
38202
38205
38208
38211
38214
38217
38220
38223
38226
38229
38232
38235
38238
38241
38244
38247
38250
38253
38256
38259
38262
38265
38268
38271
38274
38277
38280
38283
38286
38289
38292
38295
38298
38301
38304
38307
38310
38313
38316
38319
[mol0]
38322
38325
38328
38331
38334
38337
38340
38343
38346
38349
38352
38355
38358
38361
38364
38367
38370
38373
38376
38379
38382
38385
38388
38391
38394
38397
38400
38403
38406
38409
38412
38415
38418
38421
38424
38427
38430
38433
38436
38439
[mol0]
38442
38445
38448
38451
38454
38457
38460
38463
38466
38469
38472
38475
38478
38481
38484
38487
38490
38493
38496
38499
38502
38505
38508
38511
38514
38517
38520
38523
38526
38529
38532
38535
38538
38541
38544
38547
38550
38553
38556
38559
[mol0]
38562
38565
38568
38571
38574
38577
38580
38583
38586
38589
38592
38595
38598
38601
38604
38607
38610
38613
38616
38619
38622
38625
38628
38631
38634
38637
38640
38643
38646
38649
38652
38655
38658
38661
38664
38667
38670
38673
38676
38679
[mol0]
38682
38685
38688
38691
38694
38697
38700
38703
38706
38709
38712
38715
38718
38721
38724
38727
38730
38733
38736
38739
38742
38745
38748
38751
38754
38757
38760
38763
38766
38769
38772
38775
38778
38781
38784
38787
38790
38793
38796
38799
[mol0]
38802
38805
38808
38811
38814
38817
38820
38823
38826
38829
38832
38835
38838
38841
38844
38847
38850
38853
38856
38859
38862
38865
38868
38871
38874
38877
38880
38883
38886
38889
38892
38895
38898
38901
38904
38907
38910
38913
38916
38919
[mol0]
38922
38925
38928
38931
38934
38937
38940
38943
38946
38949
38952
38955
38958
38961
38964
38967
38970
38973
38976
38979
38982
38985
38988
38991
38994
38997
39000
39003
39006
39009
39012
39015
39018
39021
39024
39027
39030
39033
39036
39039
[mol0]
39042
39045
39048
39051
39054
39057
39060
39063
39066
39069
39072
39075
39078
39081
39084
39087
39090
39093
39096
39099
39102
39105
39108
39111
39114
39117
39120
39123
39126
39129
39132
39135
39138
39141
39144
39147
39150
39153
39156
39159
[mol0]
39162
39165
39168
39171
39174
39177
39180
39183
39186
39189
39192
39195
39198
39201
39204
39207
39210
39213
39216
39219
39222
39225
39228
39231
39234
39237
39240
39243
39246
39249
39252
39255
39258
39261
39264
39267
39270
39273
39276
39279
[mol0]
39282
39285
39288
39291
39294
39297
39300
39303
39306
39309
39312
39315
39318
39321
39324
39327
39330
39333
39336
39339
39342
39345
39348
39351
39354
39357
39360
39363
39366
39369
39372
39375
39378
39381
39384
39387
39390
39393
39396
39399
[mol0]
39402
39405
39408
39411
39414
39417
39420
39423
39426
39429
39432
39435
39438
39441
39444
39447
39450
39453
39456
39459
39462
39465
39468
39471
39474
39477
39480
39483
39486
39489
39492
39495
39498
39501
39504
39507
39510
39513
39516
39519
[mol0]
39522
39525
39528
39531
39534
39537
39540
39543
39546
39549
39552
39555
39558
39561
39564
39567
39570
39573
39576
39579
39582
39585
39588
39591
39594
39597
39600
39603
39606
39609
39612
39615
39618
39621
39624
39627
39630
39633
39636
39639
[mol0]
39642
39645
39648
39651
39654
39657
39660
39663
39666
39669
39672
39675
39678
39681
39684
39687
39690
39693
39696
39699
39702
39705
39708
39711
39714
39717
39720
39723
39726
39729
39732
39735
39738
39741
39744
39747
39750
39753
39756
39759
[mol0]
39762
39765
39768
39771
39774
39777
39780
39783
39786
39789
39792
39795
39798
39801
39804
39807
39810
39813
39816
39819
39822
39825
39828
39831
39834
39837
39840
39843
39846
39849
39852
39855
39858
39861
39864
39867
39870
39873
39876
39879
[mol0]
39882
39885
39888
39891
39894
39897
39900
39903
39906
39909
39912
39915
39918
39921
39924
39927
39930
39933
39936
39939
39942
39945
39948
39951
39954
39957
39960
39963
39966
39969
39972
39975
39978
39981
39984
39987
39990
39993
39996
39999
