[mol0]
0
1
3
4
6
7
9
10
12
13
15
16
18
19
21
22
24
25
27
28
30
31
33
34
36
37
39
40
42
43
45
46
48
49
51
52
54
55
57
58
60
61
63
64
66
67
69
70
72
73
75
76
78
79
81
82
84
85
87
88
90
91
93
94
96
97
99
100
102
103
105
106
108
109
111
112
114
115
117
118
120
121
123
124
126
127
129
130
132
133
135
136
138
139
141
142
144
145
147
148
150
151
153
[mol1]
154
155
157
158
160
161
163
164
166
167
169
170
172
173
175
176
178
179
181
182
184
185
187
188
190
191
193
194
196
197
199
200
202
203
205
206
208
209
211
212
214
215
217
218
220
221
223
224
226
227
229
230
232
233
235
236
238
239
241
242
244
245
247
248
250
251
253
254
256
257
259
260
262
263
265
266
268
269
271
272
274
275
277
278
280
281
283
284
286
287
289
290
292
293
295
296
298
299
301
302
304
305
307
[mol2]
308
309
311
312
314
315
317
318
320
321
323
324
326
327
329
330
332
333
335
336
338
339
341
342
344
345
347
348
350
351
353
354
356
357
359
360
362
363
365
366
368
369
371
372
374
375
377
378
380
381
383
384
386
387
389
390
392
393
395
396
398
399
401
402
404
405
407
408
410
411
413
414
416
417
419
420
422
423
425
426
428
429
431
432
434
435
437
438
440
441
443
444
446
447
449
450
452
453
455
456
458
459
461
[mol3]
462
463
465
466
468
469
471
472
474
475
477
478
480
481
483
484
486
487
489
490
492
493
495
496
498
499
501
502
504
505
507
508
510
511
513
514
516
517
519
520
522
523
525
526
528
529
531
532
534
535
537
538
540
541
543
544
546
547
549
550
552
553
555
556
558
559
561
562
564
565
567
568
570
571
573
574
576
577
579
580
582
583
585
586
588
589
591
592
594
595
597
598
600
601
603
604
606
607
609
610
612
613
615
[mol4]
616
617
619
620
622
623
625
626
628
629
631
632
634
635
637
638
640
641
643
644
646
647
649
650
652
653
655
656
658
659
661
662
664
665
667
668
670
671
673
674
676
677
679
680
682
683
685
686
688
689
691
692
694
695
697
698
700
701
703
704
706
707
709
710
712
713
715
716
718
719
721
722
724
725
727
728
730
731
733
734
736
737
739
740
742
743
745
746
748
749
751
752
754
755
757
758
760
761
763
764
766
767
769
[mol5]
770
771
773
774
776
777
779
780
782
783
785
786
788
789
791
792
794
795
797
798
800
801
803
804
806
807
809
810
812
813
815
816
818
819
821
822
824
825
827
828
830
831
833
834
836
837
839
840
842
843
845
846
848
849
851
852
854
855
857
858
860
861
863
864
866
867
869
870
872
873
875
876
878
879
881
882
884
885
887
888
890
891
893
894
896
897
899
900
902
903
905
906
908
909
911
912
914
915
917
918
920
921
923
[mol6]
924
925
927
928
930
931
933
934
936
937
939
940
942
943
945
946
948
949
951
952
954
955
957
958
960
961
963
964
966
967
969
970
972
973
975
976
978
979
981
982
984
985
987
988
990
991
993
994
996
997
999
1000
1002
1003
1005
1006
1008
1009
1011
1012
1014
1015
1017
1018
1020
1021
1023
1024
1026
1027
1029
1030
1032
1033
1035
1036
1038
1039
1041
1042
1044
1045
1047
1048
1050
1051
1053
1054
1056
1057
1059
1060
1062
1063
1065
1066
1068
1069
1071
1072
1074
1075
1077
[mol7]
1078
1079
1081
1082
1084
1085
1087
1088
1090
1091
1093
1094
1096
1097
1099
1100
1102
1103
1105
1106
1108
1109
1111
1112
1114
1115
1117
1118
1120
1121
1123
1124
1126
1127
1129
1130
1132
1133
1135
1136
1138
1139
1141
1142
1144
1145
1147
1148
1150
1151
1153
1154
1156
1157
1159
1160
1162
1163
1165
1166
1168
1169
1171
1172
1174
1175
1177
1178
1180
1181
1183
1184
1186
1187
1189
1190
1192
1193
1195
1196
1198
1199
1201
1202
1204
1205
1207
1208
1210
1211
1213
1214
1216
1217
1219
1220
1222
1223
1225
1226
1228
1229
1231
[mol8]
1232
1233
1235
1236
1238
1239
1241
1242
1244
1245
1247
1248
1250
1251
1253
1254
1256
1257
1259
1260
1262
1263
1265
1266
1268
1269
1271
1272
1274
1275
1277
1278
1280
1281
1283
1284
1286
1287
1289
1290
1292
1293
1295
1296
1298
1299
1301
1302
1304
1305
1307
1308
1310
1311
1313
1314
1316
1317
1319
1320
1322
1323
1325
1326
1328
1329
1331
1332
1334
1335
1337
1338
1340
1341
1343
1344
1346
1347
1349
1350
1352
1353
1355
1356
1358
1359
1361
1362
1364
1365
1367
1368
1370
1371
1373
1374
1376
1377
1379
1380
1382
1383
1385
[mol9]
1386
1387
1389
1390
1392
1393
1395
1396
1398
1399
1401
1402
1404
1405
1407
1408
1410
1411
1413
1414
1416
1417
1419
1420
1422
1423
1425
1426
1428
1429
1431
1432
1434
1435
1437
1438
1440
1441
1443
1444
1446
1447
1449
1450
1452
1453
1455
1456
1458
1459
1461
1462
1464
1465
1467
1468
1470
1471
1473
1474
1476
1477
1479
1480
1482
1483
1485
1486
1488
1489
1491
1492
1494
1495
1497
1498
1500
1501
1503
1504
1506
1507
1509
1510
1512
1513
1515
1516
1518
1519
1521
1522
1524
1525
1527
1528
1530
1531
1533
1534
1536
1537
1539
[mol10]
1540
1541
1543
1544
1546
1547
1549
1550
1552
1553
1555
1556
1558
1559
1561
1562
1564
1565
1567
1568
1570
1571
1573
1574
1576
1577
1579
1580
1582
1583
1585
1586
1588
1589
1591
1592
1594
1595
1597
1598
1600
1601
1603
1604
1606
1607
1609
1610
1612
1613
1615
1616
1618
1619
1621
1622
1624
1625
1627
1628
1630
1631
1633
1634
1636
1637
1639
1640
1642
1643
1645
1646
1648
1649
1651
1652
1654
1655
1657
1658
1660
1661
1663
1664
1666
1667
1669
1670
1672
1673
1675
1676
1678
1679
1681
1682
1684
1685
1687
1688
1690
1691
1693
[mol11]
1694
1695
1697
1698
1700
1701
1703
1704
1706
1707
1709
1710
1712
1713
1715
1716
1718
1719
1721
1722
1724
1725
1727
1728
1730
1731
1733
1734
1736
1737
1739
1740
1742
1743
1745
1746
1748
1749
1751
1752
1754
1755
1757
1758
1760
1761
1763
1764
1766
1767
1769
1770
1772
1773
1775
1776
1778
1779
1781
1782
1784
1785
1787
1788
1790
1791
1793
1794
1796
1797
1799
1800
1802
1803
1805
1806
1808
1809
1811
1812
1814
1815
1817
1818
1820
1821
1823
1824
1826
1827
1829
1830
1832
1833
1835
1836
1838
1839
1841
1842
1844
1845
1847
[mol12]
1848
1849
1851
1852
1854
1855
1857
1858
1860
1861
1863
1864
1866
1867
1869
1870
1872
1873
1875
1876
1878
1879
1881
1882
1884
1885
1887
1888
1890
1891
1893
1894
1896
1897
1899
1900
1902
1903
1905
1906
1908
1909
1911
1912
1914
1915
1917
1918
1920
1921
1923
1924
1926
1927
1929
1930
1932
1933
1935
1936
1938
1939
1941
1942
1944
1945
1947
1948
1950
1951
1953
1954
1956
1957
1959
1960
1962
1963
1965
1966
1968
1969
1971
1972
1974
1975
1977
1978
1980
1981
1983
1984
1986
1987
1989
1990
1992
1993
1995
1996
1998
1999
2001
[mol13]
2002
2003
2005
2006
2008
2009
2011
2012
2014
2015
2017
2018
2020
2021
2023
2024
2026
2027
2029
2030
2032
2033
2035
2036
2038
2039
2041
2042
2044
2045
2047
2048
2050
2051
2053
2054
2056
2057
2059
2060
2062
2063
2065
2066
2068
2069
2071
2072
2074
2075
2077
2078
2080
2081
2083
2084
2086
2087
2089
2090
2092
2093
2095
2096
2098
2099
2101
2102
2104
2105
2107
2108
2110
2111
2113
2114
2116
2117
2119
2120
2122
2123
2125
2126
2128
2129
2131
2132
2134
2135
2137
2138
2140
2141
2143
2144
2146
2147
2149
2150
2152
2153
2155
[mol14]
2156
2157
2159
2160
2162
2163
2165
2166
2168
2169
2171
2172
2174
2175
2177
2178
2180
2181
2183
2184
2186
2187
2189
2190
2192
2193
2195
2196
2198
2199
2201
2202
2204
2205
2207
2208
2210
2211
2213
2214
2216
2217
2219
2220
2222
2223
2225
2226
2228
2229
2231
2232
2234
2235
2237
2238
2240
2241
2243
2244
2246
2247
2249
2250
2252
2253
2255
2256
2258
2259
2261
2262
2264
2265
2267
2268
2270
2271
2273
2274
2276
2277
2279
2280
2282
2283
2285
2286
2288
2289
2291
2292
2294
2295
2297
2298
2300
2301
2303
2304
2306
2307
2309
[mol15]
2310
2311
2313
2314
2316
2317
2319
2320
2322
2323
2325
2326
2328
2329
2331
2332
2334
2335
2337
2338
2340
2341
2343
2344
2346
2347
2349
2350
2352
2353
2355
2356
2358
2359
2361
2362
2364
2365
2367
2368
2370
2371
2373
2374
2376
2377
2379
2380
2382
2383
2385
2386
2388
2389
2391
2392
2394
2395
2397
2398
2400
2401
2403
2404
2406
2407
2409
2410
2412
2413
2415
2416
2418
2419
2421
2422
2424
2425
2427
2428
2430
2431
2433
2434
2436
2437
2439
2440
2442
2443
2445
2446
2448
2449
2451
2452
2454
2455
2457
2458
2460
2461
2463
[mol16]
2464
2465
2467
2468
2470
2471
2473
2474
2476
2477
2479
2480
2482
2483
2485
2486
2488
2489
2491
2492
2494
2495
2497
2498
2500
2501
2503
2504
2506
2507
2509
2510
2512
2513
2515
2516
2518
2519
2521
2522
2524
2525
2527
2528
2530
2531
2533
2534
2536
2537
2539
2540
2542
2543
2545
2546
2548
2549
2551
2552
2554
2555
2557
2558
2560
2561
2563
2564
2566
2567
2569
2570
2572
2573
2575
2576
2578
2579
2581
2582
2584
2585
2587
2588
2590
2591
2593
2594
2596
2597
2599
2600
2602
2603
2605
2606
2608
2609
2611
2612
2614
2615
2617
[mol17]
2618
2619
2621
2622
2624
2625
2627
2628
2630
2631
2633
2634
2636
2637
2639
2640
2642
2643
2645
2646
2648
2649
2651
2652
2654
2655
2657
2658
2660
2661
2663
2664
2666
2667
2669
2670
2672
2673
2675
2676
2678
2679
2681
2682
2684
2685
2687
2688
2690
2691
2693
2694
2696
2697
2699
2700
2702
2703
2705
2706
2708
2709
2711
2712
2714
2715
2717
2718
2720
2721
2723
2724
2726
2727
2729
2730
2732
2733
2735
2736
2738
2739
2741
2742
2744
2745
2747
2748
2750
2751
2753
2754
2756
2757
2759
2760
2762
2763
2765
2766
2768
2769
2771
[mol18]
2772
2773
2775
2776
2778
2779
2781
2782
2784
2785
2787
2788
2790
2791
2793
2794
2796
2797
2799
2800
2802
2803
2805
2806
2808
2809
2811
2812
2814
2815
2817
2818
2820
2821
2823
2824
2826
2827
2829
2830
2832
2833
2835
2836
2838
2839
2841
2842
2844
2845
2847
2848
2850
2851
2853
2854
2856
2857
2859
2860
2862
2863
2865
2866
2868
2869
2871
2872
2874
2875
2877
2878
2880
2881
2883
2884
2886
2887
2889
2890
2892
2893
2895
2896
2898
2899
2901
2902
2904
2905
2907
2908
2910
2911
2913
2914
2916
2917
2919
2920
2922
2923
2925
[mol19]
2926
2927
2929
2930
2932
2933
2935
2936
2938
2939
2941
2942
2944
2945
2947
2948
2950
2951
2953
2954
2956
2957
2959
2960
2962
2963
2965
2966
2968
2969
2971
2972
2974
2975
2977
2978
2980
2981
2983
2984
2986
2987
2989
2990
2992
2993
2995
2996
2998
2999
3001
3002
3004
3005
3007
3008
3010
3011
3013
3014
3016
3017
3019
3020
3022
3023
3025
3026
3028
3029
3031
3032
3034
3035
3037
3038
3040
3041
3043
3044
3046
3047
3049
3050
3052
3053
3055
3056
3058
3059
3061
3062
3064
3065
3067
3068
3070
3071
3073
3074
3076
3077
3079
[mol20]
3080
3081
3083
3084
3086
3087
3089
3090
3092
3093
3095
3096
3098
3099
3101
3102
3104
3105
3107
3108
3110
3111
3113
3114
3116
3117
3119
3120
3122
3123
3125
3126
3128
3129
3131
3132
3134
3135
3137
3138
3140
3141
3143
3144
3146
3147
3149
3150
3152
3153
3155
3156
3158
3159
3161
3162
3164
3165
3167
3168
3170
3171
3173
3174
3176
3177
3179
3180
3182
3183
3185
3186
3188
3189
3191
3192
3194
3195
3197
3198
3200
3201
3203
3204
3206
3207
3209
3210
3212
3213
3215
3216
3218
3219
3221
3222
3224
3225
3227
3228
3230
3231
3233
[mol21]
3234
3235
3237
3238
3240
3241
3243
3244
3246
3247
3249
3250
3252
3253
3255
3256
3258
3259
3261
3262
3264
3265
3267
3268
3270
3271
3273
3274
3276
3277
3279
3280
3282
3283
3285
3286
3288
3289
3291
3292
3294
3295
3297
3298
3300
3301
3303
3304
3306
3307
3309
3310
3312
3313
3315
3316
3318
3319
3321
3322
3324
3325
3327
3328
3330
3331
3333
3334
3336
3337
3339
3340
3342
3343
3345
3346
3348
3349
3351
3352
3354
3355
3357
3358
3360
3361
3363
3364
3366
3367
3369
3370
3372
3373
3375
3376
3378
3379
3381
3382
3384
3385
3387
[mol22]
3388
3389
3391
3392
3394
3395
3397
3398
3400
3401
3403
3404
3406
3407
3409
3410
3412
3413
3415
3416
3418
3419
3421
3422
3424
3425
3427
3428
3430
3431
3433
3434
3436
3437
3439
3440
3442
3443
3445
3446
3448
3449
3451
3452
3454
3455
3457
3458
3460
3461
3463
3464
3466
3467
3469
3470
3472
3473
3475
3476
3478
3479
3481
3482
3484
3485
3487
3488
3490
3491
3493
3494
3496
3497
3499
3500
3502
3503
3505
3506
3508
3509
3511
3512
3514
3515
3517
3518
3520
3521
3523
3524
3526
3527
3529
3530
3532
3533
3535
3536
3538
3539
3541
[mol23]
3542
3543
3545
3546
3548
3549
3551
3552
3554
3555
3557
3558
3560
3561
3563
3564
3566
3567
3569
3570
3572
3573
3575
3576
3578
3579
3581
3582
3584
3585
3587
3588
3590
3591
3593
3594
3596
3597
3599
3600
3602
3603
3605
3606
3608
3609
3611
3612
3614
3615
3617
3618
3620
3621
3623
3624
3626
3627
3629
3630
3632
3633
3635
3636
3638
3639
3641
3642
3644
3645
3647
3648
3650
3651
3653
3654
3656
3657
3659
3660
3662
3663
3665
3666
3668
3669
3671
3672
3674
3675
3677
3678
3680
3681
3683
3684
3686
3687
3689
3690
3692
3693
3695
[mol24]
3696
3697
3699
3700
3702
3703
3705
3706
3708
3709
3711
3712
3714
3715
3717
3718
3720
3721
3723
3724
3726
3727
3729
3730
3732
3733
3735
3736
3738
3739
3741
3742
3744
3745
3747
3748
3750
3751
3753
3754
3756
3757
3759
3760
3762
3763
3765
3766
3768
3769
3771
3772
3774
3775
3777
3778
3780
3781
3783
3784
3786
3787
3789
3790
3792
3793
3795
3796
3798
3799
3801
3802
3804
3805
3807
3808
3810
3811
3813
3814
3816
3817
3819
3820
3822
3823
3825
3826
3828
3829
3831
3832
3834
3835
3837
3838
3840
3841
3843
3844
3846
3847
3849
[mol25]
3850
3851
3853
3854
3856
3857
3859
3860
3862
3863
3865
3866
3868
3869
3871
3872
3874
3875
3877
3878
3880
3881
3883
3884
3886
3887
3889
3890
3892
3893
3895
3896
3898
3899
3901
3902
3904
3905
3907
3908
3910
3911
3913
3914
3916
3917
3919
3920
3922
3923
3925
3926
3928
3929
3931
3932
3934
3935
3937
3938
3940
3941
3943
3944
3946
3947
3949
3950
3952
3953
3955
3956
3958
3959
3961
3962
3964
3965
3967
3968
3970
3971
3973
3974
3976
3977
3979
3980
3982
3983
3985
3986
3988
3989
3991
3992
3994
3995
3997
3998
4000
4001
4003
[mol26]
4004
4005
4007
4008
4010
4011
4013
4014
4016
4017
4019
4020
4022
4023
4025
4026
4028
4029
4031
4032
4034
4035
4037
4038
4040
4041
4043
4044
4046
4047
4049
4050
4052
4053
4055
4056
4058
4059
4061
4062
4064
4065
4067
4068
4070
4071
4073
4074
4076
4077
4079
4080
4082
4083
4085
4086
4088
4089
4091
4092
4094
4095
4097
4098
4100
4101
4103
4104
4106
4107
4109
4110
4112
4113
4115
4116
4118
4119
4121
4122
4124
4125
4127
4128
4130
4131
4133
4134
4136
4137
4139
4140
4142
4143
4145
4146
4148
4149
4151
4152
4154
4155
4157
[mol27]
4158
4159
4161
4162
4164
4165
4167
4168
4170
4171
4173
4174
4176
4177
4179
4180
4182
4183
4185
4186
4188
4189
4191
4192
4194
4195
4197
4198
4200
4201
4203
4204
4206
4207
4209
4210
4212
4213
4215
4216
4218
4219
4221
4222
4224
4225
4227
4228
4230
4231
4233
4234
4236
4237
4239
4240
4242
4243
4245
4246
4248
4249
4251
4252
4254
4255
4257
4258
4260
4261
4263
4264
4266
4267
4269
4270
4272
4273
4275
4276
4278
4279
4281
4282
4284
4285
4287
4288
4290
4291
4293
4294
4296
4297
4299
4300
4302
4303
4305
4306
4308
4309
4311
[mol28]
4312
4313
4315
4316
4318
4319
4321
4322
4324
4325
4327
4328
4330
4331
4333
4334
4336
4337
4339
4340
4342
4343
4345
4346
4348
4349
4351
4352
4354
4355
4357
4358
4360
4361
4363
4364
4366
4367
4369
4370
4372
4373
4375
4376
4378
4379
4381
4382
4384
4385
4387
4388
4390
4391
4393
4394
4396
4397
4399
4400
4402
4403
4405
4406
4408
4409
4411
4412
4414
4415
4417
4418
4420
4421
4423
4424
4426
4427
4429
4430
4432
4433
4435
4436
4438
4439
4441
4442
4444
4445
4447
4448
4450
4451
4453
4454
4456
4457
4459
4460
4462
4463
4465
[mol29]
4466
4467
4469
4470
4472
4473
4475
4476
4478
4479
4481
4482
4484
4485
4487
4488
4490
4491
4493
4494
4496
4497
4499
4500
4502
4503
4505
4506
4508
4509
4511
4512
4514
4515
4517
4518
4520
4521
4523
4524
4526
4527
4529
4530
4532
4533
4535
4536
4538
4539
4541
4542
4544
4545
4547
4548
4550
4551
4553
4554
4556
4557
4559
4560
4562
4563
4565
4566
4568
4569
4571
4572
4574
4575
4577
4578
4580
4581
4583
4584
4586
4587
4589
4590
4592
4593
4595
4596
4598
4599
4601
4602
4604
4605
4607
4608
4610
4611
4613
4614
4616
4617
4619
[mol30]
4620
4621
4623
4624
4626
4627
4629
4630
4632
4633
4635
4636
4638
4639
4641
4642
4644
4645
4647
4648
4650
4651
4653
4654
4656
4657
4659
4660
4662
4663
4665
4666
4668
4669
4671
4672
4674
4675
4677
4678
4680
4681
4683
4684
4686
4687
4689
4690
4692
4693
4695
4696
4698
4699
4701
4702
4704
4705
4707
4708
4710
4711
4713
4714
4716
4717
4719
4720
4722
4723
4725
4726
4728
4729
4731
4732
4734
4735
4737
4738
4740
4741
4743
4744
4746
4747
4749
4750
4752
4753
4755
4756
4758
4759
4761
4762
4764
4765
4767
4768
4770
4771
4773
[mol31]
4774
4775
4777
4778
4780
4781
4783
4784
4786
4787
4789
4790
4792
4793
4795
4796
4798
4799
4801
4802
4804
4805
4807
4808
4810
4811
4813
4814
4816
4817
4819
4820
4822
4823
4825
4826
4828
4829
4831
4832
4834
4835
4837
4838
4840
4841
4843
4844
4846
4847
4849
4850
4852
4853
4855
4856
4858
4859
4861
4862
4864
4865
4867
4868
4870
4871
4873
4874
4876
4877
4879
4880
4882
4883
4885
4886
4888
4889
4891
4892
4894
4895
4897
4898
4900
4901
4903
4904
4906
4907
4909
4910
4912
4913
4915
4916
4918
4919
4921
4922
4924
4925
4927
[mol32]
4928
4929
4931
4932
4934
4935
4937
4938
4940
4941
4943
4944
4946
4947
4949
4950
4952
4953
4955
4956
4958
4959
4961
4962
4964
4965
4967
4968
4970
4971
4973
4974
4976
4977
4979
4980
4982
4983
4985
4986
4988
4989
4991
4992
4994
4995
4997
4998
5000
5001
5003
5004
5006
5007
5009
5010
5012
5013
5015
5016
5018
5019
5021
5022
5024
5025
5027
5028
5030
5031
5033
5034
5036
5037
5039
5040
5042
5043
5045
5046
5048
5049
5051
5052
5054
5055
5057
5058
5060
5061
5063
5064
5066
5067
5069
5070
5072
5073
5075
5076
5078
5079
5081
[mol33]
5082
5083
5085
5086
5088
5089
5091
5092
5094
5095
5097
5098
5100
5101
5103
5104
5106
5107
5109
5110
5112
5113
5115
5116
5118
5119
5121
5122
5124
5125
5127
5128
5130
5131
5133
5134
5136
5137
5139
5140
5142
5143
5145
5146
5148
5149
5151
5152
5154
5155
5157
5158
5160
5161
5163
5164
5166
5167
5169
5170
5172
5173
5175
5176
5178
5179
5181
5182
5184
5185
5187
5188
5190
5191
5193
5194
5196
5197
5199
5200
5202
5203
5205
5206
5208
5209
5211
5212
5214
5215
5217
5218
5220
5221
5223
5224
5226
5227
5229
5230
5232
5233
5235
[mol34]
5236
5237
5239
5240
5242
5243
5245
5246
5248
5249
5251
5252
5254
5255
5257
5258
5260
5261
5263
5264
5266
5267
5269
5270
5272
5273
5275
5276
5278
5279
5281
5282
5284
5285
5287
5288
5290
5291
5293
5294
5296
5297
5299
5300
5302
5303
5305
5306
5308
5309
5311
5312
5314
5315
5317
5318
5320
5321
5323
5324
5326
5327
5329
5330
5332
5333
5335
5336
5338
5339
5341
5342
5344
5345
5347
5348
5350
5351
5353
5354
5356
5357
5359
5360
5362
5363
5365
5366
5368
5369
5371
5372
5374
5375
5377
5378
5380
5381
5383
5384
5386
5387
5389
[mol35]
5390
5391
5393
5394
5396
5397
5399
5400
5402
5403
5405
5406
5408
5409
5411
5412
5414
5415
5417
5418
5420
5421
5423
5424
5426
5427
5429
5430
5432
5433
5435
5436
5438
5439
5441
5442
5444
5445
5447
5448
5450
5451
5453
5454
5456
5457
5459
5460
5462
5463
5465
5466
5468
5469
5471
5472
5474
5475
5477
5478
5480
5481
5483
5484
5486
5487
5489
5490
5492
5493
5495
5496
5498
5499
5501
5502
5504
5505
5507
5508
5510
5511
5513
5514
5516
5517
5519
5520
5522
5523
5525
5526
5528
5529
5531
5532
5534
5535
5537
5538
5540
5541
5543
[mol36]
5544
5545
5547
5548
5550
5551
5553
5554
5556
5557
5559
5560
5562
5563
5565
5566
5568
5569
5571
5572
5574
5575
5577
5578
5580
5581
5583
5584
5586
5587
5589
5590
5592
5593
5595
5596
5598
5599
5601
5602
5604
5605
5607
5608
5610
5611
5613
5614
5616
5617
5619
5620
5622
5623
5625
5626
5628
5629
5631
5632
5634
5635
5637
5638
5640
5641
5643
5644
5646
5647
5649
5650
5652
5653
5655
5656
5658
5659
5661
5662
5664
5665
5667
5668
5670
5671
5673
5674
5676
5677
5679
5680
5682
5683
5685
5686
5688
5689
5691
5692
5694
5695
5697
[mol37]
5698
5699
5701
5702
5704
5705
5707
5708
5710
5711
5713
5714
5716
5717
5719
5720
5722
5723
5725
5726
5728
5729
5731
5732
5734
5735
5737
5738
5740
5741
5743
5744
5746
5747
5749
5750
5752
5753
5755
5756
5758
5759
5761
5762
5764
5765
5767
5768
5770
5771
5773
5774
5776
5777
5779
5780
5782
5783
5785
5786
5788
5789
5791
5792
5794
5795
5797
5798
5800
5801
5803
5804
5806
5807
5809
5810
5812
5813
5815
5816
5818
5819
5821
5822
5824
5825
5827
5828
5830
5831
5833
5834
5836
5837
5839
5840
5842
5843
5845
5846
5848
5849
5851
[mol38]
5852
5853
5855
5856
5858
5859
5861
5862
5864
5865
5867
5868
5870
5871
5873
5874
5876
5877
5879
5880
5882
5883
5885
5886
5888
5889
5891
5892
5894
5895
5897
5898
5900
5901
5903
5904
5906
5907
5909
5910
5912
5913
5915
5916
5918
5919
5921
5922
5924
5925
5927
5928
5930
5931
5933
5934
5936
5937
5939
5940
5942
5943
5945
5946
5948
5949
5951
5952
5954
5955
5957
5958
5960
5961
5963
5964
5966
5967
5969
5970
5972
5973
5975
5976
5978
5979
5981
5982
5984
5985
5987
5988
5990
5991
5993
5994
5996
5997
5999
6000
6002
6003
6005
[mol39]
6006
6007
6009
6010
6012
6013
6015
6016
6018
6019
6021
6022
6024
6025
6027
6028
6030
6031
6033
6034
6036
6037
6039
6040
6042
6043
6045
6046
6048
6049
6051
6052
6054
6055
6057
6058
6060
6061
6063
6064
6066
6067
6069
6070
6072
6073
6075
6076
6078
6079
6081
6082
6084
6085
6087
6088
6090
6091
6093
6094
6096
6097
6099
6100
6102
6103
6105
6106
6108
6109
6111
6112
6114
6115
6117
6118
6120
6121
6123
6124
6126
6127
6129
6130
6132
6133
6135
6136
6138
6139
6141
6142
6144
6145
6147
6148
6150
6151
6153
6154
6156
6157
6159
