#./odf_intra.dat
# odfintra Version: intra-chain ODF with P2 and pxy
# 4080 vectors per frame, 102 vectors per chain, 40 chains
# P1(n) = <u(0)u(n)> = <costhe>  
# P2(n) = 1/2*<3*(u(0)u(n))^2 - 1> = 1/2<3*costhe^2 - 1> 2nd Legendre polynomial 
# P2 values +1: Parallel, -0.5: orthogonal, 0: No correlation # u(0) u(n) are unit vectors at distance n bonds.  
# n  P1  P2  pxy  pxy2  xx yy zz  x4 y4 z4  xxyy xxzz yyzz
# frames 1
 0 1.0 1.0 1.0 1.0  1.0 1.0 1.0  1.0 1.0 1.0  1.0 1.0 1.0
1 0.44431028 -0.19126412 0.00685184 1.26656 0.138816 0.150922 0.154572 0.0899641 0.0949886 0.0966253 -0.0127368 -0.0125342 -0.012606
2 0.32607845 0.075572537 0.00621512 1.36467 0.0974462 0.112919 0.115713 0.109955 0.119665 0.119569 0.00404049 0.00629656 0.00692566
3 0.30161708 -0.12773107 0.00107818 1.29134 0.0937945 0.103671 0.104152 0.0953819 0.10182 0.104976 -0.008092 -0.00858367 -0.0103234
4 0.20752843 0.080859852 0.00522827 1.37645 0.0658455 0.0694486 0.0722343 0.111772 0.120671 0.118329 0.00633835 0.00575544 0.00613991
5 0.12886833 -0.031461459 -0.0261191 1.29606 0.0415754 0.0433 0.0439929 0.104087 0.110906 0.113038 -0.00254369 -0.00284821 -0.00244456
6 0.16446417 0.079372045 -0.0145889 1.38767 0.0479174 0.0601982 0.0563486 0.111199 0.115456 0.120083 0.00572904 0.00700797 0.00701786
7 0.088326534 -0.039337539 -0.0383816 1.31779 0.0225177 0.0350179 0.030791 0.10313 0.109535 0.112519 -0.00273319 -0.00378978 -0.00251519
8 0.050494197 0.00049138813 -0.0502439 1.36703 0.00935488 0.0239691 0.0171703 0.102863 0.111554 0.114418 0.000941859 0.000447477 0.00102381
9 0.041899794 -0.01375603 -0.0129034 1.33554 0.00736952 0.0199207 0.0146096 0.106425 0.111834 0.112657 -0.00112988 -0.00114745 -0.00109967
10 0.028344253 0.01038574 -0.0240588 1.35192 0.00384213 0.0129173 0.0115848 0.104509 0.111232 0.115417 0.000702622 0.000646017 0.00320064
11 0.011752782 0.0016183458 -0.0523361 1.30901 0.00134718 0.00375209 0.00665352 0.107101 0.112926 0.115033 0.000471148 -0.000797348 1.875e-06
12 0.032912621 0.0073769561 -0.0649286 1.33593 0.00976301 0.0156187 0.00753093 0.104672 0.114439 0.116247 0.00140045 -0.000260679 0.000307156
13 0.025213135 0.0075751242 -0.0502659 1.31396 0.00948199 0.0084719 0.00725925 0.108886 0.113573 0.117343 -0.000296803 -0.00030318 -0.000109759
14 0.024011434 -0.0052968799 -0.0424574 1.36657 0.009098 0.00464906 0.0102644 0.105109 0.111153 0.110948 -0.000232268 0.00115899 0.000368932
15 0.021870661 0.00067051401 -0.0334038 1.32311 0.00890476 0.00542146 0.00754445 0.106978 0.111813 0.117673 -0.000168527 0.000365564 -0.00153879
16 0.019010197 0.0020765149 -0.0230124 1.34189 0.00484061 0.00717009 0.00699949 0.104806 0.112071 0.110855 0.0015836 0.00030349 0.0016055
17 0.026457439 0.0016880281 -0.0100132 1.34667 0.00862804 0.00947108 0.00835832 0.106599 0.112196 0.114541 -0.000334831 0.00081284 8.34495e-05
18 0.029599536 -6.2383782e-05 -0.00285766 1.31453 0.0123511 0.0118448 0.00540367 0.108303 0.113493 0.113967 0.00200633 -0.00228719 -0.000954504
19 0.020945135 0.00068704177 -0.0286895 1.36209 0.00597031 0.015541 -0.000566135 0.107841 0.113893 0.115442 -0.000988504 -0.000889839 0.000186117
20 0.013336757 0.015309367 0.0192297 1.31551 0.00221847 0.00745041 0.00366787 0.109792 0.113539 0.11531 0.00182429 0.000431775 0.000193075
21 0.017032627 -0.0053559198 -0.00561639 1.36474 -0.00104837 0.0131085 0.00497251 0.104524 0.111979 0.112064 -0.000430804 -0.000304601 0.00133346
22 0.026899271 0.0076441375 -0.0352005 1.33777 0.00163099 0.0221706 0.00309771 0.105247 0.112916 0.113505 -0.000934924 0.00253164 0.00178421
23 0.022098775 0.0026171012 -0.0493853 1.33816 0.0042464 0.0144661 0.00338624 0.108246 0.112773 0.114241 0.000903915 -0.00108919 9.43761e-05
24 0.0086978725 -0.0082895649 -0.0414081 1.28233 -0.00490738 0.0124037 0.0012016 0.105155 0.112654 0.113764 -0.00141923 -5.5025e-05 -0.000408503
25 0.018586092 -0.0026278949 -0.0625779 1.35367 -0.00477534 0.0217242 0.00163719 0.105958 0.112414 0.115575 -0.000165411 -0.00108692 6.98089e-05
26 0.0095964182 -0.00086664227 -0.0244641 1.3284 -0.00791775 0.00622974 0.0112844 0.107873 0.113402 0.114395 -0.000171003 0.000956061 -0.00224237
27 0.011755134 0.015837335 -0.0659189 1.33112 -0.0105902 0.0126912 0.00965412 0.109616 0.113306 0.115185 0.00221507 0.000247701 0.000429294
28 0.016318857 -0.016604109 -0.0778918 1.32524 -0.0159248 0.0185377 0.013706 0.101717 0.111806 0.113288 -0.00360436 0.00168761 -0.000357199
29 0.0031162599 0.0054834795 -0.0859034 1.32739 -0.0116657 0.0018143 0.0129677 0.108909 0.111688 0.116613 0.00165292 -0.00170713 -5.60433e-05
30 -0.019742641 -0.0094952977 -0.0744511 1.33273 -0.0161707 -0.00965264 0.00608075 0.102961 0.111547 0.113745 -0.000300255 -0.00109812 0.000773412
31 -0.017420051 -0.0022886447 -0.00108452 1.35141 -0.0146352 -0.0042591 0.0014742 0.107684 0.111561 0.114116 0.00198882 -0.00134277 -0.00142251
32 -0.01513911 -8.8861013e-05 -0.0341155 1.34313 -0.0129361 -0.00388841 0.00168539 0.106401 0.115681 0.113102 -0.00156519 0.00035172 0.000258584
33 -0.016465526 0.0055239989 -0.00789059 1.31465 -0.0126458 0.0022966 -0.00611632 0.105666 0.112509 0.116705 0.000717592 -0.000359325 0.000710077
34 -0.01881785 -0.00091853847 0.0123797 1.33803 -0.0128831 -0.00105326 -0.0048815 0.106015 0.113272 0.115837 -0.00221693 -0.000496425 0.00151164
35 -0.008851947 0.0044928459 -0.0111828 1.3374 -0.00874898 0.00424665 -0.00434962 0.105644 0.110971 0.112461 0.00157004 0.0018205 0.000235656
36 -0.0094595462 -0.021624842 -0.00637423 1.35382 -0.0026229 0.00527879 -0.0121154 0.106639 0.113688 0.110162 -0.00235632 -0.00353177 0.000101765
37 -0.0042746136 0.007765305 0.0291186 1.34278 -0.00294628 0.00944702 -0.0107754 0.104676 0.112896 0.117488 -1.77314e-05 0.00139901 0.000343913
38 0.00066451674 0.020075475 0.0365481 1.36868 -0.00674001 0.00995861 -0.00255409 0.114143 0.113232 0.115412 -0.000262985 0.00122332 0.00100493
39 0.0080415454 0.0022993955 0.0146711 1.34987 -0.00137687 0.0105904 -0.00117202 0.103059 0.111304 0.116048 0.00120541 0.00151161 -0.000489493
40 0.023313098 -0.0072491585 0.0103884 1.33628 0.00262654 0.0222792 -0.00159262 0.107225 0.111643 0.112137 -0.000915954 -0.00269341 0.00235692
41 0.024744261 -0.00287103 -0.037547 1.32706 -0.0026139 0.021738 0.00562015 0.10468 0.114178 0.115252 -0.000939827 -0.000612372 0.000207021
42 0.015268202 0.0025777633 -0.040931 1.36967 -0.00380253 0.0120898 0.00698097 0.107007 0.111498 0.113645 -9.01842e-05 -0.000226199 0.00176731
43 0.025226614 -0.0053862487 -0.0383305 1.30118 0.00994998 0.0132348 0.0020418 0.103299 0.113752 0.115333 -0.00233593 0.000632309 0.000382522
44 0.029471782 0.021857819 -0.0467284 1.36633 -0.00450838 0.014334 0.0196462 0.107632 0.116496 0.112729 0.00247538 0.000810464 0.00223798
45 0.02284415 0.0005355662 -0.0327487 1.3044 -0.00425674 0.0143499 0.0127509 0.107667 0.113959 0.114642 -0.000363346 -0.000689648 -0.000235898
46 0.031745204 0.0060522219 -0.0343593 1.37872 -0.0126453 0.0311152 0.0132753 0.106602 0.113107 0.111896 0.00260633 -0.00122741 0.00150274
47 0.056003466 -0.00096592027 -0.0340909 1.34608 -0.00195734 0.0348889 0.0230719 0.108008 0.112502 0.1149 -0.000412156 -0.000438164 -0.000509931
48 0.057422892 0.02195563 0.0168206 1.35067 0.00547479 0.0336323 0.0183158 0.107637 0.1155 0.113768 0.00116296 0.00278457 0.00158538
49 0.061566502 -0.000721673 0.0258222 1.30308 0.00264052 0.039525 0.019401 0.105826 0.112659 0.116824 0.00153606 -0.000264107 -0.00250011
50 0.039833119 0.0074680058 -0.0180421 1.33645 -0.0103331 0.0277356 0.0224306 0.106464 0.116409 0.115249 0.000670554 -0.000449702 -0.000126278
51 0.032001842 -0.012099744 0.00746994 1.35344 -0.000218309 0.0193866 0.0128335 0.106019 0.108131 0.11512 0.000418945 -0.00193452 -0.000485905
52 0.026113602 0.018251578 -0.00965899 1.32015 -0.012825 0.0169621 0.0219765 0.105438 0.117762 0.116333 -0.000561711 0.00133051 0.00221533
53 0.013787109 -0.014090154 -0.0218076 1.36654 -0.0147779 0.0115914 0.0169735 0.104675 0.110617 0.113971 -0.00152204 -0.00236686 0.0012272
54 0.0049324263 0.023514275 0.0352009 1.31412 -0.00460279 -0.00193538 0.0114706 0.105051 0.118315 0.117697 0.00167824 0.00063655 0.00165805
55 0.012853479 0.0052586219 0.0446352 1.3449 -0.000533656 0.00874241 0.00464472 0.105731 0.110555 0.116822 0.0015363 0.00105767 -0.000728745
56 0.019953788 0.0017628698 -0.00881919 1.32157 -0.00241109 0.0081065 0.0142584 0.105121 0.111867 0.118653 -0.00121346 -0.000265403 0.000912435
57 0.027959247 -0.0059707273 0.0501608 1.34385 0.00587203 0.0123219 0.00976527 0.104092 0.113178 0.115817 -0.00164636 0.00103516 -0.00125563
58 0.015947073 0.0094067051 0.0511347 1.29125 -0.000801947 0.00959966 0.00714936 0.107773 0.115653 0.120623 -0.00124306 -0.000818433 -0.000160826
59 0.0067369784 -0.0060780063 0.0257076 1.34014 -0.0024982 0.0084681 0.000767078 0.103986 0.112824 0.110741 0.0014701 -0.000126513 -0.000479042
60 0.0076245229 0.007026014 0.0593762 1.31879 0.00210359 0.0148772 -0.00935624 0.10596 0.11639 0.116517 -0.000349247 -0.00111163 0.00103581
61 0.0026792143 -0.0043705519 0.0751965 1.35215 0.000924851 0.0150348 -0.0132805 0.104965 0.109569 0.11215 0.00124294 0.000174556 0.000450406
62 -6.452354e-05 -0.014365997 0.0706446 1.34236 -0.00352914 0.0164669 -0.0130023 0.100913 0.112468 0.111945 -0.000208177 -0.000402859 -0.000173992
63 -0.00283267 0.018864267 0.115401 1.24151 -0.0035038 0.00959643 -0.00892529 0.110088 0.114097 0.116429 0.00225001 0.000278218 0.000119609
64 0.030699881 0.0061441259 0.131113 1.34484 0.00384242 0.0195397 0.00731775 0.105753 0.114943 0.1139 -0.000158079 0.000699514 0.000875022
65 0.0070872313 0.0040920679 0.119262 1.3081 -0.00439597 0.0171994 -0.00571623 0.105792 0.111663 0.116714 0.00114891 0.000177914 -0.000380989
66 0.024520977 -0.0096101593 0.141147 1.26551 0.00856118 0.0143221 0.00163771 0.103378 0.113692 0.114415 -0.000880994 -0.000713691 -0.000684668
67 0.020948557 0.0089246464 0.111448 1.29179 0.00266896 0.0156834 0.00259623 0.105198 0.113561 0.117267 -0.000406092 0.0013287 0.000705553
68 0.012066553 -0.0020502638 0.104547 1.2952 -0.0048336 0.0100967 0.00680344 0.104055 0.11446 0.112239 0.000269077 0.00151996 -0.00118311
69 0.0085496019 -0.0069020625 0.0905428 1.25193 -0.00675708 0.00971426 0.00559242 0.107346 0.112435 0.11181 0.00167265 -0.000890529 -0.00221185
70 0.0058619457 -0.0068183785 0.0774099 1.31662 -0.0066989 0.00311543 0.00944541 0.10214 0.10964 0.116262 -0.00327703 0.000939702 0.00270986
71 0.020612146 -0.0048602484 0.070335 1.2684 -0.017649 0.0160629 0.0221983 0.10571 0.112995 0.114425 0.00183743 -0.00202019 -0.00133555
72 0.016011395 0.0106497 -0.00827493 1.32969 -0.00481769 0.0141402 0.00668893 0.107537 0.113954 0.111349 -0.00218429 0.00290016 0.00308053
73 0.0026804514 -0.0057841721 0.00395839 1.30873 -0.0106048 0.00868265 0.00460259 0.107526 0.115835 0.115086 -0.0014033 -0.000616869 -0.00246486
74 0.017626608 0.0010033289 -0.0270164 1.27593 -0.00828236 0.0266428 -0.00073384 0.107087 0.111294 0.115128 0.00114847 -0.000104075 -0.000797222
75 0.021651715 -0.0088259528 -0.00599053 1.29644 0.00373362 0.011297 0.00662109 0.100418 0.114546 0.114182 0.00439072 -0.00160106 -0.00363772
76 0.00026801957 -0.0068946978 -0.0411299 1.32966 -0.00607845 0.0114062 -0.00505971 0.10643 0.113527 0.114708 -0.00705071 0.00426591 -0.000178968
77 0.0022982306 0.00024826252 -0.0769619 1.37269 -0.010108 0.0101527 0.00225351 0.104409 0.113182 0.116493 0.0019404 -0.00321243 0.000979439
78 0.00022354273 0.0030292451 -0.122724 1.27317 0.00206207 0.000320525 -0.00215906 0.107009 0.111091 0.115093 -0.00111342 0.00041277 0.00178037
79 -0.01804631 0.0038384521 -0.120912 1.25266 -0.00710443 -0.0153038 0.00436188 0.101325 0.117226 0.117393 0.00196688 0.00114086 -0.00313364
80 -0.026902334 0.020439257 -0.126052 1.24626 -0.00526325 -0.0105228 -0.0111163 0.108794 0.119207 0.117869 -0.00118611 0.00181796 -8.73398e-05
81 -0.0060306761 0.00067653343 -0.114823 1.37081 -0.01194 -0.00373034 0.00963967 0.100092 0.114038 0.118663 -0.00084606 0.00513463 -0.00379257
82 -0.015891977 0.025327044 -0.180926 1.3519 -0.0122058 -0.00273491 -0.000951241 0.10871 0.114694 0.117079 -0.00162599 3.42692e-05 0.00645891
83 0.0002546117 -0.013640376 -0.151286 1.32387 -0.00356088 0.00660549 -0.00279 0.0992638 0.109348 0.115003 0.00100056 0.000819571 -0.00150767
84 0.0069124897 0.035933787 -0.182535 1.26966 -0.0039345 0.0206554 -0.00980839 0.110745 0.114307 0.118539 0.0011061 -0.000399107 0.0061427
85 0.00054580411 0.0034427735 -0.200426 1.29125 -0.010838 0.0115964 -0.000212644 0.105247 0.112605 0.113283 0.00254524 -0.000527772 0.000229718
86 0.012583739 0.0065177227 -0.0679276 1.28686 -0.00711928 0.00592603 0.013777 0.103874 0.12419 0.117641 -0.00479618 0.00264824 -0.0018656
87 0.0072014127 -0.050099179 -0.11639 1.23846 -0.00454457 0.00663344 0.00511254 0.102947 0.112291 0.111553 -0.000388031 -0.0064523 -0.00658847
88 0.0016545132 0.027959053 -0.0487405 1.42644 0.0032813 0.0115386 -0.0131654 0.102718 0.114139 0.114038 0.000518701 0.00515994 0.00486023
89 -0.029979254 0.022522621 -0.0353729 1.26152 -0.00810802 0.00754934 -0.0294206 0.111298 0.113978 0.118964 0.00978389 -0.00521795 -0.00251193
90 0.00726088 0.03306026 -0.0554036 1.28477 0.00444243 0.0185474 -0.0157289 0.113217 0.116382 0.113264 -0.000216144 0.00274658 0.00372442
91 0.023118814 -0.0059968236 0.00693754 1.34123 0.00999103 0.0169043 -0.00377656 0.104241 0.115798 0.114054 -0.00273656 -0.000256624 0.00061468
92 0.027501861 0.038114843 -0.00531267 1.36271 -0.0080865 0.0350647 0.000523668 0.116296 0.115456 0.121594 -0.00118657 0.00193386 0.00195169
93 0.046730669 -0.0020385053 0.0217728 1.24506 0.0245414 0.0428783 -0.020689 0.106292 0.120998 0.10813 0.00226556 0.00124168 -0.00522954
94 0.00031171502 0.064109598 0.113429 1.39411 -0.00142846 0.0235472 -0.021807 0.113279 0.125931 0.112361 0.00624159 0.0013814 0.00462834
95 -0.017201357 -0.02399017 0.267273 1.19308 -0.00736549 0.0278733 -0.0377092 0.0983809 0.11232 0.111061 0.00429261 -0.00355815 -0.00294552
96 -0.005978112 0.037421416 0.201495 1.40121 -0.0138142 0.0127601 -0.00492401 0.109936 0.116902 0.120347 -0.00700544 0.00548625 0.00706706
97 -0.011250261 -0.048637122 0.217011 1.25387 -0.0127584 -0.00658331 0.00809141 0.0904012 0.112195 0.102691 0.000561574 0.00288845 -0.00563905
98 -0.052565831 0.036693871 0.226081 1.45019 -0.0309036 0.000698399 -0.0223607 0.116747 0.109825 0.105746 0.0100076 -0.00608252 0.00881368
99 -0.049686118 -0.025591551 0.298785 1.26587 -0.00766553 -0.035867 -0.00615362 0.101858 0.11756 0.111641 -0.0147032 0.00599958 0.00131012
100 -0.093054612 0.050277472 -0.0663285 1.65796 -0.035184 -0.0374174 -0.0204532 0.0913124 0.111605 0.131381 0.0263242 -0.00982679 -0.000220606
101 -0.029120553 0.040725578 0.259225 0.980663 -0.0277246 0.00825021 -0.00964614 0.0923707 0.0637337 0.21234 -0.0142804 -0.00925856 0.0195588
