# ich head tail
0 0 503
1 504 1007
2 1008 1511
3 1512 2015
4 2016 2519
5 2520 3023
6 3024 3527
7 3528 4031
8 4032 4535
9 4536 5039
10 5040 5543
11 5544 6047
12 6048 6551
13 6552 7055
14 7056 7559
15 7560 8063
16 8064 8567
17 8568 9071
18 9072 9575
19 9576 10079
20 10080 10583
21 10584 11087
22 11088 11591
23 11592 12095
24 12096 12599
25 12600 13103
26 13104 13607
27 13608 14111
28 14112 14615
29 14616 15119
30 15120 15623
31 15624 16127
32 16128 16631
33 16632 17135
34 17136 17639
35 17640 18143
36 18144 18647
37 18648 19151
38 19152 19655
39 19656 20159
40 20160 20916
41 20917 21673
42 21674 22430
43 22431 23187
44 23188 23944
45 23945 24701
46 24702 25458
47 25459 26215
48 26216 26972
49 26973 27729
50 27730 28486
51 28487 29243
52 29244 30000
53 30001 30757
54 30758 31514
55 31515 32271
56 32272 33028
57 33029 33785
58 33786 34542
59 34543 35299
60 35300 36056
61 36057 36813
62 36814 37570
63 37571 38327
64 38328 39084
65 39085 39841
66 39842 40598
67 40599 41102
68 41103 41606
69 41607 42110
70 42111 42614
71 42615 43118
72 43119 43622
73 43623 44126
74 44127 44630
75 44631 45134
76 45135 45638
77 45639 46142
78 46143 46646
79 46647 47150
80 47151 47654
81 47655 48158
82 48159 48662
83 48663 49166
84 49167 49670
85 49671 50174
86 50175 50678
87 50679 51182
88 51183 51686
89 51687 52190
90 52191 52694
91 52695 53198
92 53199 53702
93 53703 54206
94 54207 54710
95 54711 55214
96 55215 55718
97 55719 56222
98 56223 56726
99 56727 57230
100 57231 57734
101 57735 58238
102 58239 58742
103 58743 59246
104 59247 59750
105 59751 60254
106 60255 60758
107 60759 61515
108 61516 62272
109 62273 63029
110 63030 63786
111 63787 64543
112 64544 65300
113 65301 66057
114 66058 66814
115 66815 67571
116 67572 68328
117 68329 69085
118 69086 69842
119 69843 70599
120 70600 71356
121 71357 72113
122 72114 72870
123 72871 73627
124 73628 74384
125 74385 75141
126 75142 75898
127 75899 76655
128 76656 77412
129 77413 78169
130 78170 78926
131 78927 79683
132 79684 80440
133 80441 81197
134 81198 81701
135 81702 82205
136 82206 82709
137 82710 83213
138 83214 83717
139 83718 84221
140 84222 84725
141 84726 85229
142 85230 85733
143 85734 86237
144 86238 86741
145 86742 87245
146 87246 87749
147 87750 88253
148 88254 88757
149 88758 89261
150 89262 89765
151 89766 90269
152 90270 90773
153 90774 91277
154 91278 91781
155 91782 92285
156 92286 92789
157 92790 93293
158 93294 93797
159 93798 94301
160 94302 94805
161 94806 95309
162 95310 95813
163 95814 96317
164 96318 96821
165 96822 97325
166 97326 97829
167 97830 98333
168 98334 98837
169 98838 99341
170 99342 99845
171 99846 100349
172 100350 100853
173 100854 101357
174 101358 102114
175 102115 102871
176 102872 103628
177 103629 104385
178 104386 105142
179 105143 105899
180 105900 106656
181 106657 107413
182 107414 108170
183 108171 108927
184 108928 109684
185 109685 110441
186 110442 111198
187 111199 111955
188 111956 112712
189 112713 113469
190 113470 114226
191 114227 114983
192 114984 115740
193 115741 116497
194 116498 117254
195 117255 118011
196 118012 118768
197 118769 119525
198 119526 120282
199 120283 121039
200 121040 121796
201 121797 122300
202 122301 122804
203 122805 123308
204 123309 123812
205 123813 124316
206 124317 124820
207 124821 125324
208 125325 125828
209 125829 126332
210 126333 126836
211 126837 127340
212 127341 127844
213 127845 128348
214 128349 128852
215 128853 129356
216 129357 129860
217 129861 130364
218 130365 130868
219 130869 131372
220 131373 131876
221 131877 132380
222 132381 132884
223 132885 133388
224 133389 133892
225 133893 134396
226 134397 134900
227 134901 135404
228 135405 135908
229 135909 136412
230 136413 136916
231 136917 137420
232 137421 137924
233 137925 138428
234 138429 138932
235 138933 139436
236 139437 139940
237 139941 140444
238 140445 140948
239 140949 141452
240 141453 141956
241 141957 142713
242 142714 143470
243 143471 144227
244 144228 144984
245 144985 145741
246 145742 146498
247 146499 147255
248 147256 148012
249 148013 148769
250 148770 149526
251 149527 150283
252 150284 151040
253 151041 151797
254 151798 152554
255 152555 153311
256 153312 154068
257 154069 154825
258 154826 155582
259 155583 156339
260 156340 157096
261 157097 157853
262 157854 158610
263 158611 159367
264 159368 160124
265 160125 160881
266 160882 161638
267 161639 162395
