# ich head tail
0 0 203
1 204 407
2 408 611
3 612 815
4 816 1019
5 1020 1223
6 1224 1427
7 1428 1631
8 1632 1835
9 1836 2039
10 2040 2243
11 2244 2447
12 2448 2651
13 2652 2855
14 2856 3059
15 3060 3263
16 3264 3467
17 3468 3671
18 3672 3875
19 3876 4079
20 4080 4283
21 4284 4487
22 4488 4691
23 4692 4895
24 4896 5099
25 5100 5303
26 5304 5507
27 5508 5711
28 5712 5915
29 5916 6119
30 6120 6323
31 6324 6527
32 6528 6731
33 6732 6935
34 6936 7139
35 7140 7343
36 7344 7547
37 7548 7751
38 7752 7955
39 7956 8159
40 8160 8363
41 8364 8567
42 8568 8771
43 8772 8975
44 8976 9179
45 9180 9383
46 9384 9587
47 9588 9791
48 9792 9995
49 9996 10199
50 10200 10403
51 10404 10607
52 10608 10811
53 10812 11015
54 11016 11219
55 11220 11423
56 11424 11627
57 11628 11831
58 11832 12035
59 12036 12239
60 12240 12443
61 12444 12647
62 12648 12851
63 12852 13055
64 13056 13259
65 13260 13463
66 13464 13667
67 13668 13871
68 13872 14075
69 14076 14279
70 14280 14483
71 14484 14687
72 14688 14891
73 14892 15095
74 15096 15299
75 15300 15503
76 15504 15707
77 15708 15911
78 15912 16115
79 16116 16319
80 16320 16523
81 16524 16727
82 16728 16931
83 16932 17135
84 17136 17339
85 17340 17543
86 17544 17747
87 17748 17951
88 17952 18155
89 18156 18359
90 18360 18563
91 18564 18767
92 18768 18971
93 18972 19175
94 19176 19379
95 19380 19583
96 19584 19787
97 19788 19991
98 19992 20195
99 20196 20399
100 20400 20603
101 20604 20807
102 20808 21011
103 21012 21215
104 21216 21419
105 21420 21623
106 21624 21827
107 21828 22031
108 22032 22235
109 22236 22439
110 22440 22643
111 22644 22847
112 22848 23051
113 23052 23255
114 23256 23459
115 23460 23663
116 23664 23867
117 23868 24071
118 24072 24275
119 24276 24479
120 24480 24683
121 24684 24887
122 24888 25091
123 25092 25295
124 25296 25499
125 25500 25703
126 25704 25907
127 25908 26111
128 26112 26315
129 26316 26519
130 26520 26723
131 26724 26927
132 26928 27131
133 27132 27335
134 27336 27539
135 27540 27743
136 27744 27947
137 27948 28151
138 28152 28355
139 28356 28559
140 28560 28763
141 28764 28967
142 28968 29171
143 29172 29375
144 29376 29579
145 29580 29783
146 29784 29987
147 29988 30191
148 30192 30395
149 30396 30599
150 30600 30803
151 30804 31007
152 31008 31211
153 31212 31415
154 31416 31619
155 31620 31823
156 31824 32027
157 32028 32231
158 32232 32435
159 32436 32639
160 32640 32843
161 32844 33047
162 33048 33251
163 33252 33455
164 33456 33659
165 33660 33863
166 33864 34067
167 34068 34271
168 34272 34475
169 34476 34679
170 34680 34883
171 34884 35087
172 35088 35291
173 35292 35495
174 35496 35699
175 35700 35903
176 35904 36107
177 36108 36311
178 36312 36515
179 36516 36719
180 36720 36923
181 36924 37127
182 37128 37331
183 37332 37535
184 37536 37739
185 37740 37943
186 37944 38147
187 38148 38351
188 38352 38555
189 38556 38759
190 38760 38963
191 38964 39167
192 39168 39371
193 39372 39575
194 39576 39779
195 39780 39983
196 39984 40187
197 40188 40391
198 40392 40595
199 40596 40799
200 40800 41003
201 41004 41207
202 41208 41411
203 41412 41615
204 41616 41819
205 41820 42023
206 42024 42227
207 42228 42431
208 42432 42635
209 42636 42839
210 42840 43043
211 43044 43247
212 43248 43451
213 43452 43655
214 43656 43859
215 43860 44063
216 44064 44267
217 44268 44471
218 44472 44675
219 44676 44879
220 44880 45083
221 45084 45287
222 45288 45491
223 45492 45695
224 45696 45899
225 45900 46103
226 46104 46307
227 46308 46511
228 46512 46715
229 46716 46919
230 46920 47123
231 47124 47327
232 47328 47531
233 47532 47735
234 47736 47939
235 47940 48143
236 48144 48347
237 48348 48551
238 48552 48755
239 48756 48959
240 48960 49163
241 49164 49367
242 49368 49571
243 49572 49775
244 49776 49979
245 49980 50183
246 50184 50387
247 50388 50591
248 50592 50795
249 50796 50999
250 51000 51203
251 51204 51407
252 51408 51611
253 51612 51815
254 51816 52019
255 52020 52223
256 52224 52427
257 52428 52631
258 52632 52835
259 52836 53039
260 53040 53243
261 53244 53447
262 53448 53651
263 53652 53855
264 53856 54059
265 54060 54263
266 54264 54467
267 54468 54671
268 54672 54875
269 54876 55079
270 55080 55283
271 55284 55487
272 55488 55691
273 55692 55895
274 55896 56099
275 56100 56303
276 56304 56507
277 56508 56711
278 56712 56915
279 56916 57119
280 57120 57323
281 57324 57527
282 57528 57731
283 57732 57935
284 57936 58139
285 58140 58343
286 58344 58547
287 58548 58751
288 58752 58955
289 58956 59159
290 59160 59363
291 59364 59567
292 59568 59771
293 59772 59975
294 59976 60179
295 60180 60383
296 60384 60587
297 60588 60791
298 60792 60995
299 60996 61199
300 61200 61403
301 61404 61607
302 61608 61811
303 61812 62015
304 62016 62219
305 62220 62423
306 62424 62627
307 62628 62831
308 62832 63035
309 63036 63239
310 63240 63443
311 63444 63647
312 63648 63851
313 63852 64055
314 64056 64259
315 64260 64463
316 64464 64667
317 64668 64871
318 64872 65075
319 65076 65279
320 65280 65483
321 65484 65687
322 65688 65891
323 65892 66095
324 66096 66299
325 66300 66503
326 66504 66707
327 66708 66911
328 66912 67115
329 67116 67319
330 67320 67523
331 67524 67727
332 67728 67931
333 67932 68135
334 68136 68339
335 68340 68543
336 68544 68747
337 68748 68951
338 68952 69155
339 69156 69359
340 69360 69563
341 69564 69767
342 69768 69971
343 69972 70175
344 70176 70379
345 70380 70583
346 70584 70787
347 70788 70991
348 70992 71195
349 71196 71399
350 71400 71603
351 71604 71807
352 71808 72011
353 72012 72215
354 72216 72419
355 72420 72623
356 72624 72827
357 72828 73031
358 73032 73235
359 73236 73439
360 73440 73746
361 73747 74053
362 74054 74360
363 74361 74667
364 74668 74974
365 74975 75281
366 75282 75588
367 75589 75895
368 75896 76202
369 76203 76509
370 76510 76816
371 76817 77123
372 77124 77430
373 77431 77737
374 77738 78044
375 78045 78351
376 78352 78658
377 78659 78965
378 78966 79272
379 79273 79579
380 79580 79886
381 79887 80193
382 80194 80500
383 80501 80807
384 80808 81114
385 81115 81421
386 81422 81728
387 81729 82035
388 82036 82342
389 82343 82649
390 82650 82956
391 82957 83263
392 83264 83570
393 83571 83877
394 83878 84184
395 84185 84491
396 84492 84798
397 84799 85105
398 85106 85412
399 85413 85719
400 85720 86026
401 86027 86333
402 86334 86640
403 86641 86947
404 86948 87254
405 87255 87561
406 87562 87868
407 87869 88175
408 88176 88482
409 88483 88789
410 88790 89096
411 89097 89403
412 89404 89710
413 89711 90017
414 90018 90324
415 90325 90631
416 90632 90938
417 90939 91245
418 91246 91552
419 91553 91859
420 91860 92166
421 92167 92473
422 92474 92780
423 92781 93087
424 93088 93394
425 93395 93701
426 93702 94008
427 94009 94315
428 94316 94622
429 94623 94929
430 94930 95236
431 95237 95543
432 95544 95850
433 95851 96157
434 96158 96464
435 96465 96771
436 96772 97078
437 97079 97385
438 97386 97692
439 97693 97999
440 98000 98306
441 98307 98613
442 98614 98920
443 98921 99227
444 99228 99534
445 99535 99841
446 99842 100148
447 100149 100455
448 100456 100762
449 100763 101069
450 101070 101376
451 101377 101683
452 101684 101990
453 101991 102297
454 102298 102604
455 102605 102911
456 102912 103218
457 103219 103525
458 103526 103832
459 103833 104139
460 104140 104446
461 104447 104753
462 104754 105060
463 105061 105367
464 105368 105674
465 105675 105981
466 105982 106288
467 106289 106595
468 106596 106902
469 106903 107209
470 107210 107516
471 107517 107823
472 107824 108130
473 108131 108437
474 108438 108744
475 108745 109051
476 109052 109358
477 109359 109665
478 109666 109972
479 109973 110279
480 110280 110586
481 110587 110893
482 110894 111200
483 111201 111507
484 111508 111814
485 111815 112121
486 112122 112428
487 112429 112735
488 112736 113042
489 113043 113349
490 113350 113656
491 113657 113963
492 113964 114270
493 114271 114577
494 114578 114884
495 114885 115191
496 115192 115498
497 115499 115805
498 115806 116112
499 116113 116419
500 116420 116726
501 116727 117033
502 117034 117340
503 117341 117647
504 117648 117954
505 117955 118261
506 118262 118568
507 118569 118875
508 118876 119182
509 119183 119489
510 119490 119796
511 119797 120103
512 120104 120410
513 120411 120717
514 120718 121024
515 121025 121331
516 121332 121638
517 121639 121945
518 121946 122252
519 122253 122559
520 122560 122866
521 122867 123173
522 123174 123480
523 123481 123787
524 123788 124094
525 124095 124401
526 124402 124708
527 124709 125015
528 125016 125322
529 125323 125629
530 125630 125936
531 125937 126243
532 126244 126550
533 126551 126857
534 126858 127164
535 127165 127471
536 127472 127778
537 127779 128085
538 128086 128392
539 128393 128699
540 128700 129006
541 129007 129313
542 129314 129620
543 129621 129927
544 129928 130234
545 130235 130541
546 130542 130848
547 130849 131155
548 131156 131462
549 131463 131769
550 131770 132076
551 132077 132383
552 132384 132690
553 132691 132997
554 132998 133304
555 133305 133611
556 133612 133918
557 133919 134225
558 134226 134532
559 134533 134839
560 134840 135146
561 135147 135453
562 135454 135760
563 135761 136067
564 136068 136374
565 136375 136681
566 136682 136988
567 136989 137295
568 137296 137602
569 137603 137909
570 137910 138216
571 138217 138523
572 138524 138830
573 138831 139137
574 139138 139444
575 139445 139751
576 139752 140058
577 140059 140365
578 140366 140672
579 140673 140979
580 140980 141286
581 141287 141593
582 141594 141900
583 141901 142207
584 142208 142514
585 142515 142821
586 142822 143128
587 143129 143435
588 143436 143742
589 143743 144049
590 144050 144356
591 144357 144663
592 144664 144970
593 144971 145277
594 145278 145584
595 145585 145891
596 145892 146198
597 146199 146505
598 146506 146812
599 146813 147119
600 147120 147426
601 147427 147733
602 147734 148040
603 148041 148347
604 148348 148654
605 148655 148961
606 148962 149268
607 149269 149575
608 149576 149882
609 149883 150189
610 150190 150496
611 150497 150803
612 150804 151110
613 151111 151417
614 151418 151724
615 151725 152031
616 152032 152338
617 152339 152645
618 152646 152952
619 152953 153259
620 153260 153566
621 153567 153873
622 153874 154180
623 154181 154487
624 154488 154794
625 154795 155101
626 155102 155408
627 155409 155715
628 155716 156022
629 156023 156329
630 156330 156636
631 156637 156943
632 156944 157250
633 157251 157557
634 157558 157864
635 157865 158171
636 158172 158478
637 158479 158785
638 158786 159092
639 159093 159399
640 159400 159706
641 159707 160013
642 160014 160320
643 160321 160627
644 160628 160934
645 160935 161241
646 161242 161548
647 161549 161855
648 161856 162162
649 162163 162469
650 162470 162776
651 162777 163083
652 163084 163390
653 163391 163697
654 163698 164004
655 164005 164311
656 164312 164618
657 164619 164925
658 164926 165232
659 165233 165539
660 165540 165846
661 165847 166153
662 166154 166460
663 166461 166767
664 166768 167074
665 167075 167381
666 167382 167688
667 167689 167995
668 167996 168302
669 168303 168609
670 168610 168916
671 168917 169223
672 169224 169530
673 169531 169837
674 169838 170144
675 170145 170451
676 170452 170758
677 170759 171065
678 171066 171372
679 171373 171679
680 171680 171986
681 171987 172293
682 172294 172600
683 172601 172907
684 172908 173214
685 173215 173521
686 173522 173828
687 173829 174135
688 174136 174442
689 174443 174749
690 174750 175056
691 175057 175363
692 175364 175670
693 175671 175977
694 175978 176284
695 176285 176591
696 176592 176898
697 176899 177205
698 177206 177512
699 177513 177819
700 177820 178126
701 178127 178433
702 178434 178740
703 178741 179047
704 179048 179354
705 179355 179661
706 179662 179968
707 179969 180275
708 180276 180582
709 180583 180889
710 180890 181196
711 181197 181503
712 181504 181810
713 181811 182117
714 182118 182424
715 182425 182731
716 182732 183038
717 183039 183345
718 183346 183652
719 183653 183959
