[mol0]
0
4
7
10
25
28
31
34
37
40
[mol1]
44
48
51
54
57
60
63
66
69
72
[mol2]
76
80
83
86
101
104
107
110
113
116
[mol3]
120
124
127
130
133
136
139
142
145
148
[mol4]
152
156
159
162
177
180
183
186
189
192
[mol5]
196
200
203
206
209
212
215
218
221
224
[mol6]
228
232
235
238
253
256
259
262
265
268
[mol7]
272
276
279
282
285
288
291
294
297
300
[mol8]
304
308
311
314
329
332
335
338
341
344
[mol9]
348
352
355
358
361
364
367
370
373
376
[mol10]
380
384
387
390
405
408
411
414
417
420
[mol11]
424
428
431
434
437
440
443
446
449
452
[mol12]
456
460
463
466
481
484
487
490
493
496
[mol13]
500
504
507
510
513
516
519
522
525
528
[mol14]
532
536
539
542
557
560
563
566
569
572
[mol15]
576
580
583
586
589
592
595
598
601
604
[mol16]
608
612
615
618
633
636
639
642
645
648
[mol17]
652
656
659
662
665
668
671
674
677
680
[mol18]
684
688
691
694
709
712
715
718
721
724
[mol19]
728
732
735
738
741
744
747
750
753
756
[mol20]
760
764
767
770
785
788
791
794
797
800
[mol21]
804
808
811
814
817
820
823
826
829
832
[mol22]
836
840
843
846
861
864
867
870
873
876
[mol23]
880
884
887
890
893
896
899
902
905
908
