[mol0]
[mol0]
[mol0]
[mol0]
[mol0]
[mol0]
[mol0]
[mol0]
[mol0]
[mol0]
[mol0]
[mol0]
[mol0]
[mol0]
[mol0]
[mol0]
[mol0]
[mol0]
[mol0]
[mol0]
[mol0]
[mol0]
[mol0]
[mol0]
[mol0]
[mol0]
2002
2005
2008
2011
2014
2017
2020
2023
2026
2029
2032
2035
2038
2041
2044
2047
2050
2053
2056
2059
2062
2065
2068
2071
2074
2077
2080
2083
2086
2089
2092
2095
2098
2101
2104
2107
2110
2113
2116
2119
[mol0]
2122
2125
2128
2131
2134
2137
2140
2143
2146
2149
2152
2155
2158
2161
2164
2167
2170
2173
2176
2179
2182
2185
2188
2191
2194
2197
2200
2203
2206
2209
2212
2215
2218
2221
2224
2227
2230
2233
2236
2239
[mol0]
2242
2245
2248
2251
2254
2257
2260
2263
2266
2269
2272
2275
2278
2281
2284
2287
2290
2293
2296
2299
2302
2305
2308
2311
2314
2317
2320
2323
2326
2329
2332
2335
2338
2341
2344
2347
2350
2353
2356
2359
[mol0]
2362
2365
2368
2371
2374
2377
2380
2383
2386
2389
2392
2395
2398
2401
2404
2407
2410
2413
2416
2419
2422
2425
2428
2431
2434
2437
2440
2443
2446
2449
2452
2455
2458
2461
2464
2467
2470
2473
2476
2479
[mol0]
2482
2485
2488
2491
2494
2497
2500
2503
2506
2509
2512
2515
2518
2521
2524
2527
2530
2533
2536
2539
2542
2545
2548
2551
2554
2557
2560
2563
2566
2569
2572
2575
2578
2581
2584
2587
2590
2593
2596
2599
[mol0]
2602
2605
2608
2611
2614
2617
2620
2623
2626
2629
2632
2635
2638
2641
2644
2647
2650
2653
2656
2659
2662
2665
2668
2671
2674
2677
2680
2683
2686
2689
2692
2695
2698
2701
2704
2707
2710
2713
2716
2719
[mol0]
2722
2725
2728
2731
2734
2737
2740
2743
2746
2749
2752
2755
2758
2761
2764
2767
2770
2773
2776
2779
2782
2785
2788
2791
2794
2797
2800
2803
2806
2809
2812
2815
2818
2821
2824
2827
2830
2833
2836
2839
[mol0]
2842
2845
2848
2851
2854
2857
2860
2863
2866
2869
2872
2875
2878
2881
2884
2887
2890
2893
2896
2899
2902
2905
2908
2911
2914
2917
2920
2923
2926
2929
2932
2935
2938
2941
2944
2947
2950
2953
2956
2959
[mol0]
2962
2965
2968
2971
2974
2977
2980
2983
2986
2989
2992
2995
2998
3001
3004
3007
3010
3013
3016
3019
3022
3025
3028
3031
3034
3037
3040
3043
3046
3049
3052
3055
3058
3061
3064
3067
3070
3073
3076
3079
[mol0]
3082
3085
3088
3091
3094
3097
3100
3103
3106
3109
3112
3115
3118
3121
3124
3127
3130
3133
3136
3139
3142
3145
3148
3151
3154
3157
3160
3163
3166
3169
3172
3175
3178
3181
3184
3187
3190
3193
3196
3199
[mol0]
3202
3205
3208
3211
3214
3217
3220
3223
3226
3229
3232
3235
3238
3241
3244
3247
3250
3253
3256
3259
3262
3265
3268
3271
3274
3277
3280
3283
3286
3289
3292
3295
3298
3301
3304
3307
3310
3313
3316
3319
[mol0]
3322
3325
3328
3331
3334
3337
3340
3343
3346
3349
3352
3355
3358
3361
3364
3367
3370
3373
3376
3379
3382
3385
3388
3391
3394
3397
3400
3403
3406
3409
3412
3415
3418
3421
3424
3427
3430
3433
3436
3439
[mol0]
3442
3445
3448
3451
3454
3457
3460
3463
3466
3469
3472
3475
3478
3481
3484
3487
3490
3493
3496
3499
3502
3505
3508
3511
3514
3517
3520
3523
3526
3529
3532
3535
3538
3541
3544
3547
3550
3553
3556
3559
[mol0]
3562
3565
3568
3571
3574
3577
3580
3583
3586
3589
3592
3595
3598
3601
3604
3607
3610
3613
3616
3619
3622
3625
3628
3631
3634
3637
3640
3643
3646
3649
3652
3655
3658
3661
3664
3667
3670
3673
3676
3679
[mol0]
3682
3685
3688
3691
3694
3697
3700
3703
3706
3709
3712
3715
3718
3721
3724
3727
3730
3733
3736
3739
3742
3745
3748
3751
3754
3757
3760
3763
3766
3769
3772
3775
3778
3781
3784
3787
3790
3793
3796
3799
[mol0]
3802
3805
3808
3811
3814
3817
3820
3823
3826
3829
3832
3835
3838
3841
3844
3847
3850
3853
3856
3859
3862
3865
3868
3871
3874
3877
3880
3883
3886
3889
3892
3895
3898
3901
3904
3907
3910
3913
3916
3919
[mol0]
3922
3925
3928
3931
3934
3937
3940
3943
3946
3949
3952
3955
3958
3961
3964
3967
3970
3973
3976
3979
3982
3985
3988
3991
3994
3997
4000
4003
4006
4009
4012
4015
4018
4021
4024
4027
4030
4033
4036
4039
[mol0]
4042
4045
4048
4051
4054
4057
4060
4063
4066
4069
4072
4075
4078
4081
4084
4087
4090
4093
4096
4099
4102
4105
4108
4111
4114
4117
4120
4123
4126
4129
4132
4135
4138
4141
4144
4147
4150
4153
4156
4159
[mol0]
4162
4165
4168
4171
4174
4177
4180
4183
4186
4189
4192
4195
4198
4201
4204
4207
4210
4213
4216
4219
4222
4225
4228
4231
4234
4237
4240
4243
4246
4249
4252
4255
4258
4261
4264
4267
4270
4273
4276
4279
[mol0]
4282
4285
4288
4291
4294
4297
4300
4303
4306
4309
4312
4315
4318
4321
4324
4327
4330
4333
4336
4339
4342
4345
4348
4351
4354
4357
4360
4363
4366
4369
4372
4375
4378
4381
4384
4387
4390
4393
4396
4399
[mol0]
4402
4405
4408
4411
4414
4417
4420
4423
4426
4429
4432
4435
4438
4441
4444
4447
4450
4453
4456
4459
4462
4465
4468
4471
4474
4477
4480
4483
4486
4489
4492
4495
4498
4501
4504
4507
4510
4513
4516
4519
[mol0]
4522
4525
4528
4531
4534
4537
4540
4543
4546
4549
4552
4555
4558
4561
4564
4567
4570
4573
4576
4579
4582
4585
4588
4591
4594
4597
4600
4603
4606
4609
4612
4615
4618
4621
4624
4627
4630
4633
4636
4639
[mol0]
4642
4645
4648
4651
4654
4657
4660
4663
4666
4669
4672
4675
4678
4681
4684
4687
4690
4693
4696
4699
4702
4705
4708
4711
4714
4717
4720
4723
4726
4729
4732
4735
4738
4741
4744
4747
4750
4753
4756
4759
[mol0]
4762
4765
4768
4771
4774
4777
4780
4783
4786
4789
4792
4795
4798
4801
4804
4807
4810
4813
4816
4819
4822
4825
4828
4831
4834
4837
4840
4843
4846
4849
4852
4855
4858
4861
4864
4867
4870
4873
4876
4879
[mol0]
4882
4885
4888
4891
4894
4897
4900
4903
4906
4909
4912
4915
4918
4921
4924
4927
4930
4933
4936
4939
4942
4945
4948
4951
4954
4957
4960
4963
4966
4969
4972
4975
4978
4981
4984
4987
4990
4993
4996
4999
